100
-1.000000 -5.694373
-0.954545 -5.982877
-0.909091 -5.546606
-0.863636 -5.031985
-0.818182 -4.575941
-0.772727 -3.810760
-0.727273 -3.901724
-0.681818 -3.197877
-0.636364 -2.875348
-0.590909 -2.168883
-0.545455 -2.200453
-0.500000 -1.871087
-0.454545 -2.321337
-0.409091 -1.791996
-0.363636 -1.583589
-0.318182 -0.676678
-0.272727 -0.846277
-0.227273 -0.794489
-0.181818 -0.723178
-0.136364 0.034936
-0.090909 -0.440859
-0.045455 0.360537
0.000000 -0.100642
0.045455 -0.396025
0.090909 -0.239346
0.136364 -0.114733
0.181818 0.569206
0.227273 0.320869
0.272727 0.363773
0.318182 0.483814
0.363636 0.778761
0.409091 0.276621
0.454545 -0.073105
0.500000 -0.028396
0.545455 0.550029
0.590909 0.585523
0.636364 -0.145630
0.681818 0.013096
0.727273 7.601395
0.772727 0.054074
0.818182 -0.072112
0.863636 0.269648
0.909091 10.901940
0.954545 0.262012
1.000000 0.016209
1.045455 -0.120592
1.090909 -0.203305
1.136364 -0.221412
1.181818 -0.558124
1.227273 -0.468699
1.272727 -0.171599
1.318182 -0.657478
1.363636 -0.018375
1.409091 -0.105680
1.454545 0.071781
1.500000 3.828958
1.545455 -0.040183
1.590909 -5.718055
1.636364 -0.464967
1.681818 -0.026436
1.727273 9.163061
1.772727 -0.290254
1.818182 0.008059
1.863636 -0.294915
1.909091 0.184908
1.954545 -0.421918
2.000000 0.386980
2.045455 -0.327419
2.090909 0.407628
2.136364 0.200364
2.181818 0.813139
2.227273 0.553599
2.272727 0.932159
2.318182 1.160187
2.363636 1.456553
2.409091 1.824038
2.454545 1.469488
2.500000 1.722233
2.545455 2.581416
2.590909 2.686422
2.636364 3.117344
2.681818 3.289062
2.727273 2.961109
2.772727 4.054283
2.818182 4.266586
2.863636 4.247826
2.909091 5.025041
2.954545 5.191222
3.000000 5.722343
3.045455 6.146289
3.090909 6.994755
3.136364 7.593272
3.181818 7.886306
3.227273 10.773447
3.272727 2.940342
3.318182 9.886694
3.363636 11.192636
3.409091 13.574037
3.454545 -1.683674
3.500000 13.416632
