1000
-1.000000 -5.694373
-0.995495 -6.421146
-0.990991 -6.399157
-0.986486 -6.275395
-0.981982 -6.187349
-0.977477 -5.767867
-0.972973 -6.182794
-0.968468 -5.781739
-0.963964 -5.741392
-0.959459 -5.297062
-0.954955 -5.571286
-0.950450 -5.465651
-0.945946 -5.309434
-0.941441 -5.779514
-0.936937 -5.741456
-0.932432 -4.988224
-0.927928 -5.295396
-0.923423 -5.365638
-0.918919 -5.401377
-0.914414 -4.735897
-0.909910 -5.290471
-0.905405 -4.554563
-0.900901 -5.068503
-0.896396 -5.404480
-0.891892 -5.276794
-0.887387 -5.170133
-0.882883 -4.493671
-0.878378 -4.739571
-0.873874 -4.684879
-0.869369 -4.544263
-0.864865 -4.220516
-0.860360 -4.686195
-0.855856 -4.992360
-0.851351 -4.897555
-0.846847 -4.263060
-0.842342 -4.166087
-0.837838 -4.830913
-0.833333 -4.601577
-0.828829 5.344039
-0.824324 -4.408777
-0.819820 -4.454877
-0.815315 -4.031000
-0.810811 9.752395
-0.806306 -3.870554
-0.801802 -4.031521
-0.797297 -4.083703
-0.792793 -4.082580
-0.788288 -4.018197
-0.783784 -4.274326
-0.779279 -4.106790
-0.774775 -3.734613
-0.770270 -4.149012
-0.765766 -3.442588
-0.761261 -3.467296
-0.756757 -3.232524
-0.752252 1.465254
-0.747748 -3.247973
-0.743243 -5.871044
-0.738739 -3.604142
-0.734234 -3.143173
-0.729730 7.969932
-0.725225 -3.388667
-0.720721 -3.095595
-0.716216 -3.414161
-0.711712 -2.960845
-0.707207 -3.605658
-0.702703 -2.846787
-0.698198 -3.623817
-0.693694 -2.964568
-0.689189 -3.261360
-0.684685 -2.752406
-0.680180 -3.130623
-0.675676 -2.886157
-0.671171 -2.808206
-0.666667 -2.678461
-0.662162 -2.494705
-0.657658 -3.050654
-0.653153 -3.017542
-0.648649 -2.396787
-0.644144 -2.549570
-0.639640 -2.396358
-0.635135 -2.522835
-0.630631 -3.170031
-0.626126 -2.417711
-0.621622 -2.568437
-0.617117 -2.972962
-0.612613 -2.604812
-0.608108 -2.871559
-0.603604 -2.797792
-0.599099 -2.856188
-0.594595 -2.515615
-0.590090 -2.451106
-0.585586 -2.718758
-0.581081 3.548248
-0.576577 -4.019311
-0.572072 -2.566120
-0.567568 -1.933203
-0.563063 8.057732
-0.558559 -5.111113
-0.554054 -1.907485
-0.549550 -1.880562
-0.545045 -1.998772
-0.540541 -2.299904
-0.536036 -2.255607
-0.531532 -2.415349
-0.527027 -1.600538
-0.522523 -1.916222
-0.518018 -2.353407
-0.513514 -2.145829
-0.509009 -2.398537
-0.504505 -2.045994
-0.500000 -1.916199
-0.495495 2.964057
-0.490991 -2.049149
-0.486486 -2.024388
-0.481982 -2.060241
-0.477477 -2.183752
-0.472973 -1.773088
-0.468468 -1.516337
-0.463964 -1.510040
-0.459459 -2.034512
-0.454955 -1.950784
-0.450450 -1.545887
-0.445946 -1.648418
-0.441441 -2.003178
-0.436937 -1.172507
-0.432432 -1.297532
-0.427928 -0.999924
-0.423423 -1.722532
-0.418919 -1.544264
-0.414414 5.675413
-0.409910 -1.585703
-0.405405 -0.938762
-0.400901 -1.804582
-0.396396 -1.435475
-0.391892 -0.919532
-0.387387 -0.819432
-0.382883 -1.035722
-0.378378 -1.321060
-0.373874 -1.294595
-0.369369 -1.051979
-0.364865 -1.347845
-0.360360 -0.687832
-0.355856 -1.006540
-0.351351 -1.179807
-0.346847 -1.447495
-0.342342 -1.057335
-0.337838 -0.606464
-0.333333 -1.267900
-0.328829 -1.001226
-0.324324 -0.739991
-0.319820 -1.208413
-0.315315 11.931695
-0.310811 -0.647667
-0.306306 -0.832390
-0.301802 -0.924010
-0.297297 -1.358406
-0.292793 10.778299
-0.288288 -0.616420
-0.283784 -1.219168
-0.279279 -1.150878
-0.274775 -0.945948
-0.270270 -0.471672
-0.265766 -0.627548
-0.261261 -0.638484
-0.256757 -0.725847
-0.252252 -0.256708
-0.247748 -0.540309
-0.243243 -0.632432
-0.238739 -0.621823
-0.234234 -0.758113
-0.229730 -1.051286
-0.225225 -0.640326
-0.220721 -0.866208
-0.216216 -0.641702
-0.211712 -0.146483
-0.207207 -0.330863
-0.202703 -0.289841
-0.198198 -0.412552
-0.193694 -0.213317
-0.189189 -0.390191
-0.184685 -0.199852
-0.180180 -0.384894
-0.175676 0.351598
-0.171171 5.340046
-0.166667 -0.248548
-0.162162 -0.610704
-0.157658 -0.390553
-0.153153 -0.379114
-0.148649 -0.299076
-0.144144 -0.494141
-0.139640 0.104645
-0.135135 -0.119591
-0.130631 -0.252822
-0.126126 0.106077
-0.121622 -0.236085
-0.117117 -0.083527
-0.112613 -0.211451
-0.108108 -0.681581
-0.103604 -0.188017
-0.099099 -0.239768
-0.094595 -0.092985
-0.090090 -0.261154
-0.085586 -0.487893
-0.081081 0.262257
-0.076577 -0.552308
-0.072072 -0.407372
-0.067568 -0.325469
-0.063063 -0.307595
-0.058559 -0.463967
-0.054054 0.254719
-0.049550 -0.096368
-0.045045 -0.521500
-0.040541 0.337948
-0.036036 0.352682
-0.031532 0.233540
-0.027027 0.118825
-0.022523 0.284581
-0.018018 0.164324
-0.013514 -0.265319
-0.009009 -0.506575
-0.004505 0.039754
0.000000 0.291291
0.004505 -0.097337
0.009009 0.116350
0.013514 0.162182
0.018018 0.082922
0.022523 -0.381194
0.027027 2.216479
0.031532 0.060789
0.036036 0.373145
0.040541 -0.286950
0.045045 0.567814
0.049550 0.374634
0.054054 0.438949
0.058559 -0.203373
0.063063 0.068480
0.067568 -0.031094
0.072072 0.033532
0.076577 -0.138065
0.081081 0.052103
0.085586 0.075170
0.090090 0.274914
0.094595 0.217701
0.099099 -0.162952
0.103604 5.025414
0.108108 0.313692
0.112613 -0.133069
0.117117 -0.059354
0.121622 -0.050674
0.126126 0.666005
0.130631 0.563172
0.135135 0.415316
0.139640 0.549667
0.144144 -0.199415
0.148649 0.336279
0.153153 0.601643
0.157658 -0.149714
0.162162 0.142029
0.166667 0.315516
0.171171 0.538310
0.175676 0.296070
0.180180 0.665785
0.184685 0.679122
0.189189 0.601209
0.193694 0.571403
0.198198 0.240743
0.202703 -0.043230
0.207207 0.753765
0.211712 0.572485
0.216216 0.380147
0.220721 0.392644
0.225225 0.401938
0.229730 0.265760
0.234234 0.015876
0.238739 0.275359
0.243243 0.678381
0.247748 0.244875
0.252252 -0.036931
0.256757 -0.083341
0.261261 0.099545
0.265766 0.292450
0.270270 -5.716313
0.274775 0.029103
0.279279 -0.133322
0.283784 0.598891
0.288288 0.286292
0.292793 0.269197
0.297297 -0.012141
0.301802 0.058462
0.306306 0.282734
0.310811 0.703337
0.315315 0.786133
0.319820 0.169932
0.324324 8.852162
0.328829 0.711130
0.333333 0.756893
0.337838 0.678705
0.342342 0.836004
0.346847 0.540153
0.351351 0.276511
0.355856 -0.114066
0.360360 0.807924
0.364865 0.352073
0.369369 -0.001411
0.373874 -2.821177
0.378378 0.637031
0.382883 0.248536
0.387387 -0.049210
0.391892 -2.727807
0.396396 0.329253
0.400901 0.192519
0.405405 -5.220721
0.409910 10.346494
0.414414 0.174509
0.418919 0.814696
0.423423 -0.066211
0.427928 0.603421
0.432432 0.441551
0.436937 0.836406
0.441441 0.309838
0.445946 0.448585
0.450450 0.486546
0.454955 0.531993
0.459459 0.862123
0.463964 0.639296
0.468468 0.300386
0.472973 -0.050761
0.477477 -0.113265
0.481982 0.736584
0.486486 0.298886
0.490991 0.188467
0.495495 0.507868
0.500000 0.441007
0.504505 0.793920
0.509009 0.455456
0.513514 0.443481
0.518018 -0.088515
0.522523 0.802616
0.527027 0.551171
0.531532 0.561311
0.536036 0.749227
0.540541 12.916836
0.545045 2.609727
0.549550 0.700668
0.554054 0.532994
0.558559 0.493919
0.563063 8.701146
0.567568 0.685801
0.572072 5.597651
0.576577 0.046761
0.581081 0.663838
0.585586 0.394339
0.590090 0.458377
0.594595 0.103207
0.599099 0.430358
0.603604 0.218171
0.608108 0.416248
0.612613 0.725960
0.617117 1.191025
0.621622 0.557870
0.626126 11.296683
0.630631 0.157001
0.635135 0.075341
0.639640 0.635102
0.644144 0.431867
0.648649 0.349995
0.653153 0.083334
0.657658 5.396895
0.662162 0.357401
0.666667 -0.113221
0.671171 0.080536
0.675676 0.209437
0.680180 0.325848
0.684685 0.600849
0.689189 0.615066
0.693694 -0.061153
0.698198 -0.127756
0.702703 0.128570
0.707207 0.742801
0.711712 4.211129
0.716216 0.022962
0.720721 0.514994
0.725225 -0.205305
0.729730 0.332926
0.734234 0.236685
0.738739 0.556310
0.743243 11.588337
0.747748 0.557902
0.752252 -0.122031
0.756757 -0.185134
0.761261 0.169953
0.765766 0.047104
0.770270 -0.192598
0.774775 -0.156797
0.779279 0.550950
0.783784 0.694250
0.788288 0.977906
0.792793 0.547954
0.797297 0.015992
0.801802 -0.118905
0.806306 0.234620
0.810811 -0.027274
0.815315 -0.297385
0.819820 0.073646
0.824324 12.599597
0.828829 0.345455
0.833333 0.533083
0.837838 0.361835
0.842342 0.564879
0.846847 0.157284
0.851351 0.481752
0.855856 0.155892
0.860360 -0.323568
0.864865 14.734338
0.869369 0.596029
0.873874 6.162086
0.878378 0.439437
0.882883 -0.350576
0.887387 0.384262
0.891892 0.295108
0.896396 0.101405
0.900901 14.910815
0.905405 -0.213178
0.909910 0.206583
0.914414 0.335304
0.918919 -0.069591
0.923423 0.422254
0.927928 0.042459
0.932432 -0.291198
0.936937 -0.226935
0.941441 -0.081634
0.945946 0.148361
0.950450 0.357053
0.954955 -0.432824
0.959459 0.017646
0.963964 -0.085171
0.968468 -0.139287
0.972973 0.151674
0.977477 10.079293
0.981982 0.019489
0.986486 0.284432
0.990991 -0.084897
0.995495 0.465772
1.000000 9.274062
1.004505 -0.359798
1.009009 0.477036
1.013514 -0.461453
1.018018 0.418935
1.022523 0.290672
1.027027 0.106093
1.031532 -0.007428
1.036036 -0.224964
1.040541 0.065671
1.045045 0.261938
1.049550 -0.425282
1.054054 -0.301378
1.058559 -0.494439
1.063063 0.374942
1.067568 0.396972
1.072072 -0.161422
1.076577 -0.215873
1.081081 0.249830
1.085586 -0.219386
1.090090 -0.549129
1.094595 -0.473434
1.099099 0.340226
1.103604 0.364616
1.108108 0.143689
1.112613 0.063744
1.117117 0.256990
1.121622 0.138030
1.126126 0.343356
1.130631 -0.077460
1.135135 -0.074515
1.139640 0.314556
1.144144 -0.244711
1.148649 -0.565321
1.153153 -0.230238
1.157658 0.087117
1.162162 4.496640
1.166667 -0.450441
1.171171 -0.266372
1.175676 -0.618348
1.180180 0.200359
1.184685 0.150650
1.189189 0.285838
1.193694 -0.258957
1.198198 -0.667469
1.202703 -0.116066
1.207207 -0.344414
1.211712 -0.098020
1.216216 -0.681750
1.220721 -0.267557
1.225225 -0.183486
1.229730 -3.322251
1.234234 -0.204052
1.238739 11.376861
1.243243 -0.052614
1.247748 -0.152886
1.252252 -0.501126
1.256757 -0.660984
1.261261 -0.422769
1.265766 -0.110452
1.270270 -0.090631
1.274775 -0.115505
1.279279 -0.315939
1.283784 -0.371654
1.288288 -0.420353
1.292793 -0.076407
1.297297 0.011633
1.301802 0.132565
1.306306 -0.438582
1.310811 -0.221195
1.315315 -0.262884
1.319820 -0.640816
1.324324 -0.658096
1.328829 -0.466676
1.333333 -0.593459
1.337838 -0.783729
1.342342 -0.664441
1.346847 0.141402
1.351351 -0.208716
1.355856 0.151461
1.360360 2.577846
1.364865 -0.125674
1.369369 -0.217130
1.373874 -0.382249
1.378378 -0.589292
1.382883 -0.077990
1.387387 0.103688
1.391892 -0.351380
1.396396 -0.614830
1.400901 -0.247508
1.405405 -0.126004
1.409910 0.051219
1.414414 -0.645341
1.418919 -0.179445
1.423423 -0.189037
1.427928 -0.006168
1.432432 -0.071178
1.436937 -0.205407
1.441441 -0.292157
1.445946 -0.212954
1.450450 -0.703192
1.454955 -0.130460
1.459459 -0.290573
1.463964 -0.404755
1.468468 0.062541
1.472973 -0.764193
1.477477 -0.466913
1.481982 5.211489
1.486486 -0.847394
1.490991 -0.870431
1.495495 -0.470871
1.500000 3.448129
1.504505 -0.039873
1.509009 -0.595282
1.513514 -0.315678
1.518018 -0.520471
1.522523 -0.557393
1.527027 0.092731
1.531532 -0.072453
1.536036 0.032055
1.540541 -0.282975
1.545045 -0.182962
1.549550 -0.657548
1.554054 11.183350
1.558559 -0.086393
1.563063 0.092736
1.567568 -0.223669
1.572072 -0.751557
1.576577 0.063010
1.581081 -0.000492
1.585586 4.355791
1.590090 -0.188445
1.594595 0.044091
1.599099 -0.726221
1.603604 -0.297549
1.608108 0.044136
1.612613 0.060733
1.617117 -0.340234
1.621622 -1.881346
1.626126 -0.207979
1.630631 -0.322813
1.635135 -3.689294
1.639640 -0.299477
1.644144 2.085346
1.648649 -0.509726
1.653153 -0.755204
1.657658 -0.318866
1.662162 -0.148162
1.666667 -0.540795
1.671171 -0.597929
1.675676 -0.693084
1.680180 -0.656028
1.684685 -0.463685
1.689189 -0.631397
1.693694 -0.107808
1.698198 -0.293673
1.702703 0.115977
1.707207 13.050125
1.711712 -0.713805
1.716216 -0.250791
1.720721 -0.296194
1.725225 -0.239467
1.729730 -0.757053
1.734234 -0.756482
1.738739 -0.191891
1.743243 0.112629
1.747748 0.029005
1.752252 -0.278414
1.756757 -0.605837
1.761261 -0.597377
1.765766 0.083761
1.770270 -0.266836
1.774775 -0.282600
1.779279 -5.619793
1.783784 -0.127255
1.788288 -0.646481
1.792793 0.063141
1.797297 0.100894
1.801802 0.129756
1.806306 -0.637148
1.810811 -0.509742
1.815315 -0.476856
1.819820 -0.318798
1.824324 -0.411965
1.828829 -0.061180
1.833333 0.151196
1.837838 -0.510662
1.842342 -0.586667
1.846847 1.174865
1.851351 -0.244604
1.855856 -0.312533
1.860360 -0.625965
1.864865 -0.482857
1.869369 12.055286
1.873874 0.213593
1.878378 -0.678665
1.882883 -0.087617
1.887387 -0.304268
1.891892 0.206354
1.896396 -0.139317
1.900901 -0.200844
1.905405 0.257109
1.909910 -0.607858
1.914414 -0.386545
1.918919 -0.395351
1.923423 -0.287059
1.927928 0.081460
1.932432 -0.351193
1.936937 0.228817
1.941441 -0.290852
1.945946 -0.205533
1.950450 0.216686
1.954955 0.014262
1.959459 0.107739
1.963964 -0.069411
1.968468 -0.163217
1.972973 0.135600
1.977477 0.164041
1.981982 -0.156977
1.986486 -0.129738
1.990991 -0.452230
1.995495 -0.276550
2.000000 -0.342919
2.004505 0.062230
2.009009 -0.467198
2.013514 8.333675
2.018018 -0.278684
2.022523 0.231017
2.027027 -0.391960
2.031532 0.175560
2.036036 -0.249743
2.040541 0.120649
2.045045 0.311523
2.049550 0.551572
2.054054 -0.366236
2.058559 0.600080
2.063063 -0.053748
2.067568 -0.093973
2.072072 0.324784
2.076577 -0.288614
2.081081 0.179426
2.085586 0.347636
2.090090 0.326302
2.094595 0.645387
2.099099 0.510544
2.103604 0.156019
2.108108 0.276954
2.112613 0.557291
2.117117 0.224060
2.121622 0.019174
2.126126 0.082132
2.130631 -0.047159
2.135135 14.631689
2.139640 0.555168
2.144144 -0.087289
2.148649 0.447560
2.153153 0.572495
2.157658 0.119403
2.162162 0.528518
2.166667 0.746405
2.171171 0.699794
2.175676 0.249664
2.180180 0.541008
2.184685 0.601463
2.189189 0.341293
2.193694 0.680719
2.198198 0.689698
2.202703 0.135497
2.207207 0.251308
2.211712 0.479143
2.216216 0.253335
2.220721 0.760095
2.225225 0.342561
2.229730 1.110595
2.234234 0.954174
2.238739 0.330783
2.243243 0.541402
2.247748 0.323629
2.252252 0.713475
2.256757 0.691278
2.261261 0.433231
2.265766 0.899703
2.270270 1.111566
2.274775 0.320175
2.279279 0.793217
2.283784 1.099074
2.288288 0.858211
2.292793 1.197720
2.297297 1.352479
2.301802 -3.009509
2.306306 1.114052
2.310811 1.211230
2.315315 11.597148
2.319820 10.714332
2.324324 0.965765
2.328829 1.388399
2.333333 0.274657
2.337838 1.040842
2.342342 1.291187
2.346847 1.091121
2.351351 1.267266
2.355856 0.714323
2.360360 1.363968
2.364865 1.677667
2.369369 1.310448
2.373874 12.467382
2.378378 0.877772
2.382883 1.660038
2.387387 1.171818
2.391892 1.531014
2.396396 1.681464
2.400901 1.714700
2.405405 1.402121
2.409910 1.397188
2.414414 1.372300
2.418919 1.322559
2.423423 1.515774
2.427928 1.941778
2.432432 1.123835
2.436937 1.427872
2.441441 1.206761
2.445946 1.485673
2.450450 1.402156
2.454955 1.337376
2.459459 1.657097
2.463964 1.222249
2.468468 1.720744
2.472973 1.836026
2.477477 1.300060
2.481982 1.348942
2.486486 1.592823
2.490991 1.928246
2.495495 2.208129
2.500000 9.543352
2.504505 2.089247
2.509009 1.501448
2.513514 6.284104
2.518018 1.866517
2.522523 2.046324
2.527027 2.369181
2.531532 10.855011
2.536036 8.041005
2.540541 1.893004
2.545045 1.728694
2.549550 2.261479
2.554054 1.861569
2.558559 2.722760
2.563063 2.614640
2.567568 1.856427
2.572072 2.505768
2.576577 2.541001
2.581081 8.889202
2.585586 2.792196
2.590090 2.690405
2.594595 2.830182
2.599099 2.577524
2.603604 2.313697
2.608108 3.184834
2.612613 6.892573
2.617117 2.835432
2.621622 2.352818
2.626126 2.187609
2.630631 2.274677
2.635135 3.087627
2.639640 2.391622
2.644144 2.441869
2.648649 2.632149
2.653153 3.193763
2.657658 2.569195
2.662162 3.016182
2.666667 2.679764
2.671171 12.724309
2.675676 2.704536
2.680180 14.020446
2.684685 2.826087
2.689189 3.328054
2.693694 2.729046
2.698198 3.090154
2.702703 3.388842
2.707207 3.224381
2.711712 3.475167
2.716216 3.747471
2.720721 3.560585
2.725225 3.469268
2.729730 3.615238
2.734234 3.929272
2.738739 3.594185
2.743243 3.680301
2.747748 4.021196
2.752252 3.329509
2.756757 3.320185
2.761261 3.774237
2.765766 3.851547
2.770270 3.325394
2.774775 3.877570
2.779279 14.283643
2.783784 3.734016
2.788288 3.997535
2.792793 3.474040
2.797297 3.993375
2.801802 10.159473
2.806306 4.456731
2.810811 3.660779
2.815315 -1.069752
2.819820 3.714781
2.824324 4.084026
2.828829 3.798520
2.833333 3.856008
2.837838 4.407848
2.842342 4.830502
2.846847 4.315188
2.851351 4.555956
2.855856 12.830067
2.860360 5.062585
2.864865 4.753491
2.869369 4.288118
2.873874 4.653844
2.878378 4.726539
2.882883 5.045743
2.887387 5.010624
2.891892 4.961187
2.896396 4.655826
2.900901 4.532326
2.905405 4.982672
2.909910 4.681656
2.914414 5.017725
2.918919 5.319172
2.923423 5.594098
2.927928 5.354464
2.932432 5.621350
2.936937 -1.932036
2.941441 5.711342
2.945946 5.648449
2.950450 5.569192
2.954955 13.587285
2.959459 5.552328
2.963964 5.910023
2.968468 5.877942
2.972973 5.395731
2.977477 5.945093
2.981982 11.555100
2.986486 6.048570
2.990991 6.315477
2.995495 5.771957
3.000000 5.572654
3.004505 6.208825
3.009009 6.854939
3.013514 6.217609
3.018018 6.375612
3.022523 6.670763
3.027027 6.266898
3.031532 6.058374
3.036036 9.003008
3.040541 6.577207
3.045045 6.287906
3.049550 6.610919
3.054054 7.018021
3.058559 11.438105
3.063063 7.096174
3.067568 6.292862
3.072072 7.167111
3.076577 7.009621
3.081081 6.644743
3.085586 7.322977
3.090090 7.068560
3.094595 7.087936
3.099099 13.828733
3.103604 9.804791
3.108108 7.138468
3.112613 7.475723
3.117117 7.101302
3.121622 7.844991
3.126126 7.260144
3.130631 8.020978
3.135135 7.476556
3.139640 7.463353
3.144144 7.552209
3.148649 7.679614
3.153153 7.789213
3.157658 7.530960
3.162162 7.569862
3.166667 7.516686
3.171171 7.970852
3.175676 8.500481
3.180180 8.529701
3.184685 7.965228
3.189189 8.609097
3.193694 8.787343
3.198198 8.041813
3.202703 8.826955
3.207207 8.937056
3.211712 8.351228
3.216216 8.712066
3.220721 9.003497
3.225225 8.834964
3.229730 8.922569
3.234234 8.989502
3.238739 9.294731
3.243243 9.475566
3.247748 9.102714
3.252252 9.297448
3.256757 8.826134
3.261261 8.886550
3.265766 8.866941
3.270270 8.985454
3.274775 9.264411
3.279279 9.476530
3.283784 14.818040
3.288288 10.761499
3.292793 9.462501
3.297297 9.355111
3.301802 9.756450
3.306306 9.574963
3.310811 10.026759
3.315315 10.404098
3.319820 10.516143
3.324324 10.323578
3.328829 10.708682
3.333333 10.787757
3.337838 10.509091
3.342342 10.608420
3.346847 10.916495
3.351351 10.246235
3.355856 12.981152
3.360360 10.852610
3.364865 10.532341
3.369369 10.653182
3.373874 11.291910
3.378378 11.059570
3.382883 11.112392
3.387387 11.280153
3.391892 11.617586
3.396396 11.043925
3.400901 10.999394
3.405405 11.853457
3.409910 11.159662
3.414414 11.698849
3.418919 11.686786
3.423423 11.791646
3.427928 11.616446
3.432432 12.430613
3.436937 11.566826
3.441441 12.471580
3.445946 13.939911
3.450450 12.459874
3.454955 12.377301
3.459459 12.064655
3.463964 12.838161
3.468468 12.717284
3.472973 12.840154
3.477477 12.750314
3.481982 12.516528
3.486486 13.376038
3.490991 12.846793
3.495495 13.482780
3.500000 13.206298
