78
0.000000 1.366000
0.083117 1.191000
0.166234 1.112000
0.249351 1.013000
0.332468 1.418000
0.415584 0.991000
0.498701 0.885000
0.581818 0.831000
0.664935 0.847000
0.748052 1.146000
0.831169 0.786000
0.914286 0.725000
0.997403 0.746000
1.080519 0.679000
1.163636 0.608000
1.246753 1.132000
1.329870 0.655000
1.412987 0.616000
1.496104 0.606000
1.579221 0.602000
1.662338 1.071000
1.745455 0.626000
1.828571 1.175000
1.911688 0.651000
1.994805 1.266000
2.077922 0.724000
2.161039 0.649000
2.244156 0.649000
2.327273 0.694000
2.410390 0.644000
2.493506 0.624000
2.576623 0.661000
2.659740 0.612000
2.742857 0.979000
2.825974 0.558000
2.909091 0.533000
2.992208 0.495000
3.075325 0.500000
3.158442 0.423000
3.241558 0.395000
3.324675 0.867000
3.407792 0.375000
3.490909 1.109000
3.574026 0.372000
3.657143 0.391000
3.740260 0.396000
3.823377 1.211000
3.906494 0.942000
3.989610 0.405000
4.072727 0.428000
4.155844 0.429000
4.238961 0.523000
4.322078 0.562000
4.405195 0.607000
4.488312 0.653000
4.571429 0.672000
4.654545 0.708000
4.737662 0.633000
4.820779 0.668000
4.903896 0.645000
4.987013 0.632000
5.070130 0.591000
5.153247 0.559000
5.236364 0.597000
5.319481 0.625000
5.402597 0.739000
5.485714 0.710000
5.568831 1.338000
5.651948 0.729000
5.735065 0.720000
5.818182 1.148000
5.901299 0.636000
5.984416 0.581000
6.067532 0.428000
6.150649 0.292000
6.233766 0.162000
6.316883 0.098000
6.400000 0.054000
