980
13
39
43
56
58
61
94
95
98
99
113
131
153
158
165
184
185
229
246
283
295
306
310
313
314
343
344
348
350
360
362
369
381
388
398
406
415
417
423
440
445
481
496
498
525
552
556
568
575
583
586
588
602
618
633
638
650
670
697
734
737
738
741
750
778
781
785
786
796
802
803
804
816
818
840
845
848
857
875
879
885
891
897
902
911
912
942
952
953
968
970
988
1007
1035
1042
1044
1046
1057
1067
1075
1078
1089
1102
1123
1150
1158
1191
1207
1211
1229
1235
1236
1239
1252
1257
1269
1283
1290
1293
1295
1304
1313
1323
1334
1340
1357
1362
1366
1390
1396
1406
1415
1430
1435
1441
1447
1450
1471
1473
1488
1497
1508
1510
1512
1520
1536
1555
1563
1570
1584
1593
1603
1622
1638
1654
1659
1664
1675
1677
1678
1680
1687
1689
1701
1709
1714
1725
1744
1757
1767
1768
1774
1779
1786
1788
1793
1797
1799
1803
1813
1818
1833
1845
1864
1866
1874
1875
1877
1903
1907
1921
1931
1955
1968
1975
1981
2012
2013
2020
2029
2039
2041
2048
2053
2054
2065
2079
2087
2119
2124
2145
2150
2160
2165
2180
2204
2205
2206
2207
2212
2213
2219
2228
2229
2236
2266
2267
2269
2272
2273
2277
2282
2287
2310
2326
2339
2349
2372
2376
2403
2404
2408
2422
2425
2427
2455
2474
2515
2518
2526
2527
2531
2543
2573
2594
2600
2605
2609
2614
2617
2620
2622
2625
2627
2628
2639
2655
2660
2678
2680
2685
2687
2712
2721
2728
2735
2741
2756
2772
2776
2781
2792
2794
2799
2814
2819
2870
2880
2891
2912
2917
2927
2939
2942
2950
2952
2956
2958
2992
2994
2996
3002
3004
3007
3009
3024
3028
3038
3065
3070
3077
3087
3088
3089
3091
3093
3106
3110
3121
3124
3125
3129
3152
3183
3194
3204
3206
3207
3212
3227
3232
3234
3254
3272
3276
3279
3318
3341
3344
3362
3366
3412
3438
3439
3455
3473
3474
3475
3476
3488
3496
3500
3513
3524
3526
3527
3552
3554
3555
3561
3577
3591
3611
3618
3623
3656
3667
3679
3682
3696
3716
3749
3750
3756
3760
3775
3787
3803
3814
3824
3839
3841
3850
3854
3861
3862
3868
3886
3887
3901
3907
3921
3928
3935
3938
3941
3949
3964
3969
3975
4001
4006
4028
4033
4041
4049
4063
4086
4093
4106
4115
4135
4141
4168
4222
4263
4279
4280
4291
4296
4304
4318
4325
4339
4376
4382
4395
4397
4398
4406
4419
4420
4431
4434
4436
4437
4455
4468
4477
4533
4562
4572
4584
4590
4592
4632
4636
4646
4647
4663
4677
4695
4697
4709
4714
4717
4724
4748
4767
4786
4788
4790
4792
4813
4819
4827
4835
4843
4846
4849
4851
4852
4854
4855
4860
4878
4882
4892
4910
4912
4930
4941
4952
4980
4987
5020
5037
5044
5054
5071
5090
5101
5103
5113
5132
5143
5144
5174
5177
5178
5180
5185
5188
5215
5218
5232
5241
5252
5256
5284
5286
5290
5296
5308
5328
5336
5339
5370
5373
5374
5385
5390
5406
5420
5426
5442
5443
5475
5488
5509
5518
5522
5531
5533
5541
5549
5552
5555
5575
5577
5592
5634
5641
5646
5652
5668
5689
5697
5700
5704
5705
5724
5736
5742
5744
5766
5781
5788
5795
5803
5807
5843
5846
5861
5862
5882
5895
5898
5900
5904
5913
5920
5929
5938
5947
5953
5956
5958
5987
5993
6003
6009
6021
6025
6030
6031
6045
6054
6055
6083
6125
6137
6145
6153
6156
6163
6195
6198
6206
6225
6226
6230
6246
6265
6272
6274
6289
6312
6313
6315
6317
6337
6339
6342
6356
6372
6390
6392
6441
6453
6455
6459
6461
6508
6519
6538
6540
6553
6555
6567
6569
6577
6594
6602
6609
6612
6616
6654
6673
6674
6682
6686
6689
6739
6750
6755
6774
6775
6776
6785
6790
6805
6807
6824
6829
6832
6840
6848
6850
6868
6872
6893
6902
6909
6910
6928
6930
6935
6946
6955
6958
6964
6970
6987
6992
7014
7026
7043
7048
7051
7054
7063
7080
7083
7084
7111
7115
7127
7134
7137
7149
7156
7161
7165
7171
7175
7197
7227
7257
7280
7287
7296
7302
7308
7311
7317
7318
7333
7337
7344
7362
7371
7394
7395
7402
7403
7443
7451
7467
7479
7485
7486
7514
7515
7518
7533
7541
7544
7561
7564
7567
7603
7608
7611
7615
7618
7635
7649
7656
7659
7665
7667
7668
7671
7676
7684
7691
7700
7707
7713
7731
7756
7777
7787
7794
7795
7836
7837
7848
7850
7870
7900
7906
7908
7931
7946
7973
7974
7979
7988
7993
8006
8021
8029
8038
8059
8067
8079
8085
8088
8091
8092
8102
8110
8123
8128
8142
8143
8146
8148
8154
8164
8185
8186
8203
8204
8207
8229
8239
8310
8314
8325
8326
8329
8367
8392
8405
8406
8421
8430
8435
8449
8451
8460
8470
8492
8494
8522
8526
8549
8554
8564
8580
8588
8590
8605
8606
8614
8626
8633
8641
8644
8674
8675
8689
8694
8695
8698
8704
8713
8724
8729
8730
8744
8748
8751
8754
8764
8768
8771
8772
8780
8784
8790
8798
8818
8819
8825
8836
8846
8859
8861
8868
8879
8881
8885
8888
8893
8897
8906
8910
8916
8929
8930
8932
8940
8943
8967
8973
8976
8999
9019
9023
9061
9066
9083
9084
9093
9096
9110
9121
9135
9141
9155
9184
9192
9195
9218
9227
9241
9244
9251
9271
9288
9305
9324
9330
9339
9346
9356
9363
9372
9380
9382
9394
9399
9407
9411
9412
9420
9436
9455
9471
9485
9498
9500
9507
9520
9541
9543
9545
9547
9552
9562
9566
9567
9568
9569
9577
9611
9618
9620
9635
9648
9682
9712
9737
9738
9752
9775
9779
9782
9787
9810
9817
9828
9831
9840
9847
9853
9855
9862
9863
9865
9874
9876
9877
9888
9895
9906
9915
9940
9944
9945
9946
9965
9966
9972
9977
9987
