10024
13
39
43
56
58
61
94
95
98
99
113
131
153
158
165
184
185
229
246
283
295
306
310
313
314
343
344
348
350
360
362
369
381
388
398
406
415
417
423
440
445
481
496
498
525
552
556
568
575
583
586
588
602
618
633
638
650
670
697
734
737
738
741
750
778
781
785
786
796
802
803
804
816
818
840
845
848
857
875
879
885
891
897
902
911
912
942
952
953
968
970
988
1007
1035
1042
1044
1046
1057
1067
1075
1078
1089
1102
1123
1150
1158
1191
1207
1211
1229
1235
1236
1239
1252
1257
1269
1283
1290
1293
1295
1304
1313
1323
1334
1340
1357
1362
1366
1390
1396
1406
1415
1430
1435
1441
1447
1450
1471
1473
1488
1497
1508
1510
1512
1520
1536
1555
1563
1570
1584
1593
1603
1622
1638
1654
1659
1664
1675
1677
1678
1680
1687
1689
1701
1709
1714
1725
1744
1757
1767
1768
1774
1779
1786
1788
1793
1797
1799
1803
1813
1818
1833
1845
1864
1866
1874
1875
1877
1903
1907
1921
1931
1955
1968
1975
1981
2012
2013
2020
2029
2039
2041
2048
2053
2054
2065
2079
2087
2119
2124
2145
2150
2160
2165
2180
2204
2205
2206
2207
2212
2213
2219
2228
2229
2236
2266
2267
2269
2272
2273
2277
2282
2287
2310
2326
2339
2349
2372
2376
2403
2404
2408
2422
2425
2427
2455
2474
2515
2518
2526
2527
2531
2543
2573
2594
2600
2605
2609
2614
2617
2620
2622
2625
2627
2628
2639
2655
2660
2678
2680
2685
2687
2712
2721
2728
2735
2741
2756
2772
2776
2781
2792
2794
2799
2814
2819
2870
2880
2891
2912
2917
2927
2939
2942
2950
2952
2956
2958
2992
2994
2996
3002
3004
3007
3009
3024
3028
3038
3065
3070
3077
3087
3088
3089
3091
3093
3106
3110
3121
3124
3125
3129
3152
3183
3194
3204
3206
3207
3212
3227
3232
3234
3254
3272
3276
3279
3318
3341
3344
3362
3366
3412
3438
3439
3455
3473
3474
3475
3476
3488
3496
3500
3513
3524
3526
3527
3552
3554
3555
3561
3577
3591
3611
3618
3623
3656
3667
3679
3682
3696
3716
3749
3750
3756
3760
3775
3787
3803
3814
3824
3839
3841
3850
3854
3861
3862
3868
3886
3887
3901
3907
3921
3928
3935
3938
3941
3949
3964
3969
3975
4001
4006
4028
4033
4041
4049
4063
4086
4093
4106
4115
4135
4141
4168
4222
4263
4279
4280
4291
4296
4304
4318
4325
4339
4376
4382
4395
4397
4398
4406
4419
4420
4431
4434
4436
4437
4455
4468
4477
4533
4562
4572
4584
4590
4592
4632
4636
4646
4647
4663
4677
4695
4697
4709
4714
4717
4724
4748
4767
4786
4788
4790
4792
4813
4819
4827
4835
4843
4846
4849
4851
4852
4854
4855
4860
4878
4882
4892
4910
4912
4930
4941
4952
4980
4987
5020
5037
5044
5054
5071
5090
5101
5103
5113
5132
5143
5144
5174
5177
5178
5180
5185
5188
5215
5218
5232
5241
5252
5256
5284
5286
5290
5296
5308
5328
5336
5339
5370
5373
5374
5385
5390
5406
5420
5426
5442
5443
5475
5488
5509
5518
5522
5531
5533
5541
5549
5552
5555
5575
5577
5592
5634
5641
5646
5652
5668
5689
5697
5700
5704
5705
5724
5736
5742
5744
5766
5781
5788
5795
5803
5807
5843
5846
5861
5862
5882
5895
5898
5900
5904
5913
5920
5929
5938
5947
5953
5956
5958
5987
5993
6003
6009
6021
6025
6030
6031
6045
6054
6055
6083
6125
6137
6145
6153
6156
6163
6195
6198
6206
6225
6226
6230
6246
6265
6272
6274
6289
6312
6313
6315
6317
6337
6339
6342
6356
6372
6390
6392
6441
6453
6455
6459
6461
6508
6519
6538
6540
6553
6555
6567
6569
6577
6594
6602
6609
6612
6616
6654
6673
6674
6682
6686
6689
6739
6750
6755
6774
6775
6776
6785
6790
6805
6807
6824
6829
6832
6840
6848
6850
6868
6872
6893
6902
6909
6910
6928
6930
6935
6946
6955
6958
6964
6970
6987
6992
7014
7026
7043
7048
7051
7054
7063
7080
7083
7084
7111
7115
7127
7134
7137
7149
7156
7161
7165
7171
7175
7197
7227
7257
7280
7287
7296
7302
7308
7311
7317
7318
7333
7337
7344
7362
7371
7394
7395
7402
7403
7443
7451
7467
7479
7485
7486
7514
7515
7518
7533
7541
7544
7561
7564
7567
7603
7608
7611
7615
7618
7635
7649
7656
7659
7665
7667
7668
7671
7676
7684
7691
7700
7707
7713
7731
7756
7777
7787
7794
7795
7836
7837
7848
7850
7870
7900
7906
7908
7931
7946
7973
7974
7979
7988
7993
8006
8021
8029
8038
8059
8067
8079
8085
8088
8091
8092
8102
8110
8123
8128
8142
8143
8146
8148
8154
8164
8185
8186
8203
8204
8207
8229
8239
8310
8314
8325
8326
8329
8367
8392
8405
8406
8421
8430
8435
8449
8451
8460
8470
8492
8494
8522
8526
8549
8554
8564
8580
8588
8590
8605
8606
8614
8626
8633
8641
8644
8674
8675
8689
8694
8695
8698
8704
8713
8724
8729
8730
8744
8748
8751
8754
8764
8768
8771
8772
8780
8784
8790
8798
8818
8819
8825
8836
8846
8859
8861
8868
8879
8881
8885
8888
8893
8897
8906
8910
8916
8929
8930
8932
8940
8943
8967
8973
8976
8999
9019
9023
9061
9066
9083
9084
9093
9096
9110
9121
9135
9141
9155
9184
9192
9195
9218
9227
9241
9244
9251
9271
9288
9305
9324
9330
9339
9346
9356
9363
9372
9380
9382
9394
9399
9407
9411
9412
9420
9436
9455
9471
9485
9498
9500
9507
9520
9541
9543
9545
9547
9552
9562
9566
9567
9568
9569
9577
9611
9618
9620
9635
9648
9682
9712
9737
9738
9752
9775
9779
9782
9787
9810
9817
9828
9831
9840
9847
9853
9855
9862
9863
9865
9874
9876
9877
9888
9895
9906
9915
9940
9944
9945
9946
9965
9966
9972
9977
9987
10007
10013
10020
10024
10031
10050
10052
10054
10060
10072
10079
10083
10106
10111
10122
10123
10136
10142
10157
10186
10192
10198
10212
10219
10220
10221
10225
10227
10231
10238
10240
10253
10266
10273
10291
10322
10342
10343
10351
10358
10372
10376
10380
10381
10416
10442
10454
10462
10467
10477
10493
10498
10515
10521
10540
10554
10577
10593
10599
10600
10613
10633
10652
10659
10675
10684
10686
10704
10732
10736
10758
10775
10776
10778
10792
10798
10806
10813
10824
10829
10835
10850
10856
10863
10883
10890
10897
10904
10905
10912
10928
10936
10950
10954
10956
10958
10960
10974
10976
11017
11021
11023
11037
11044
11049
11053
11057
11064
11070
11082
11086
11092
11098
11122
11129
11155
11171
11172
11174
11178
11190
11202
11225
11254
11265
11266
11272
11276
11286
11292
11300
11301
11303
11315
11318
11337
11340
11349
11366
11368
11374
11377
11381
11408
11412
11419
11421
11425
11429
11441
11443
11464
11467
11485
11490
11492
11511
11519
11530
11532
11535
11600
11601
11646
11652
11660
11669
11695
11708
11712
11715
11729
11732
11749
11767
11771
11774
11786
11804
11813
11816
11825
11852
11888
11892
11898
11911
11912
11913
11931
11936
11940
11949
11962
11966
11969
11973
11974
11992
12000
12018
12026
12032
12034
12035
12053
12064
12071
12091
12106
12107
12114
12116
12124
12128
12133
12143
12153
12171
12177
12184
12197
12202
12204
12260
12266
12271
12286
12345
12350
12354
12355
12358
12370
12372
12376
12377
12383
12402
12409
12424
12444
12461
12472
12478
12499
12510
12511
12516
12528
12538
12551
12556
12557
12560
12561
12562
12571
12577
12580
12591
12622
12623
12625
12628
12648
12649
12678
12680
12689
12700
12709
12732
12734
12741
12751
12764
12768
12813
12815
12821
12825
12847
12858
12872
12874
12879
12886
12893
12919
12928
12956
12958
12965
12972
12985
13018
13048
13053
13060
13066
13076
13079
13081
13099
13106
13121
13126
13148
13155
13156
13163
13180
13222
13236
13241
13245
13249
13254
13265
13292
13297
13299
13309
13314
13334
13337
13343
13350
13363
13366
13375
13382
13389
13407
13410
13426
13438
13443
13446
13484
13504
13505
13514
13524
13532
13540
13541
13557
13563
13581
13582
13586
13589
13590
13598
13606
13627
13628
13630
13643
13655
13664
13666
13671
13676
13685
13701
13705
13707
13709
13713
13715
13724
13733
13734
13737
13740
13749
13769
13775
13810
13811
13820
13824
13827
13833
13843
13860
13905
13909
13914
13927
13936
13938
13940
13954
13980
13984
13986
13990
14006
14007
14010
14013
14026
14038
14048
14057
14060
14071
14072
14075
14091
14104
14114
14121
14149
14150
14183
14188
14192
14217
14220
14228
14230
14239
14242
14259
14267
14271
14272
14280
14290
14293
14294
14297
14308
14309
14312
14315
14320
14321
14325
14346
14348
14355
14360
14365
14369
14388
14397
14403
14408
14438
14440
14441
14458
14461
14478
14482
14488
14514
14521
14544
14545
14557
14564
14585
14587
14588
14597
14612
14616
14630
14636
14637
14640
14644
14651
14653
14673
14694
14716
14723
14728
14732
14733
14735
14751
14757
14759
14792
14794
14801
14804
14821
14824
14829
14841
14844
14880
14881
14882
14883
14884
14887
14891
14906
14908
14909
14910
14914
14920
14928
14931
14943
14960
14985
14986
14989
15004
15006
15007
15044
15052
15055
15059
15063
15069
15074
15087
15120
15121
15127
15132
15140
15153
15155
15158
15173
15177
15192
15196
15197
15201
15205
15212
15234
15249
15263
15265
15271
15300
15322
15330
15339
15365
15376
15378
15379
15380
15390
15415
15418
15420
15435
15437
15442
15445
15448
15459
15468
15473
15482
15495
15500
15501
15502
15512
15514
15520
15531
15536
15553
15555
15575
15579
15582
15595
15596
15647
15654
15658
15661
15662
15671
15673
15674
15697
15702
15703
15711
15712
15713
15747
15821
15824
15841
15853
15860
15861
15865
15868
15869
15871
15883
15887
15927
15948
15953
15963
15964
15965
15966
16011
16029
16031
16035
16038
16039
16046
16048
16054
16069
16084
16089
16094
16106
16114
16122
16124
16138
16141
16149
16152
16173
16188
16190
16193
16196
16216
16226
16230
16239
16240
16245
16255
16276
16280
16283
16296
16311
16321
16328
16367
16380
16382
16393
16396
16418
16428
16461
16496
16503
16508
16522
16538
16544
16549
16575
16576
16586
16598
16600
16610
16613
16622
16660
16677
16682
16683
16693
16701
16711
16718
16750
16762
16803
16806
16811
16814
16836
16840
16844
16847
16871
16877
16881
16896
16910
16918
16920
16954
16958
16964
16967
16969
16970
16983
17023
17031
17055
17068
17069
17110
17115
17151
17157
17172
17177
17179
17183
17188
17192
17209
17215
17217
17233
17236
17243
17245
17269
17276
17298
17305
17306
17309
17310
17313
17333
17346
17347
17350
17357
17395
17404
17421
17422
17425
17432
17437
17446
17466
17482
17487
17491
17508
17513
17521
17524
17534
17544
17559
17568
17573
17586
17589
17601
17602
17604
17613
17622
17625
17658
17673
17680
17697
17713
17734
17741
17769
17785
17797
17807
17831
17838
17846
17848
17850
17869
17892
17917
17919
17920
17929
17941
17976
17988
17993
18001
18004
18039
18043
18048
18049
18051
18059
18065
18068
18078
18080
18086
18103
18108
18112
18117
18118
18170
18179
18206
18207
18208
18213
18223
18225
18277
18290
18314
18323
18324
18333
18336
18344
18354
18365
18372
18388
18398
18416
18448
18464
18474
18485
18504
18509
18514
18517
18521
18527
18533
18536
18540
18554
18558
18582
18593
18598
18600
18606
18607
18618
18635
18641
18652
18653
18667
18672
18675
18676
18683
18688
18696
18698
18701
18705
18714
18717
18721
18729
18739
18740
18760
18764
18767
18768
18772
18777
18784
18786
18824
18849
18855
18872
18886
18893
18902
18922
18943
18949
18952
18963
18969
18981
18988
19029
19039
19042
19053
19063
19079
19104
19114
19125
19132
19138
19141
19184
19199
19205
19214
19219
19236
19237
19241
19242
19244
19256
19262
19279
19299
19302
19307
19312
19316
19323
19333
19334
19339
19343
19380
19385
19387
19398
19410
19416
19418
19458
19472
19478
19487
19507
19524
19532
19538
19573
19579
19580
19582
19599
19601
19602
19613
19614
19639
19644
19669
19675
19695
19698
19713
19720
19725
19733
19736
19776
19785
19792
19798
19799
19805
19811
19817
19820
19822
19829
19831
19833
19857
19868
19871
19880
19901
19907
19909
19948
19962
19969
19974
19977
19983
19998
20019
20020
20027
20029
20034
20046
20052
20057
20069
20072
20075
20077
20099
20101
20115
20135
20143
20145
20147
20160
20168
20177
20180
20232
20245
20248
20254
20267
20283
20287
20289
20292
20309
20353
20358
20361
20368
20371
20384
20385
20393
20402
20404
20428
20439
20444
20446
20477
20490
20494
20503
20504
20505
20523
20547
20575
20585
20589
20592
20604
20618
20624
20637
20648
20679
20704
20707
20718
20729
20734
20737
20748
20758
20763
20764
20783
20822
20823
20827
20836
20841
20845
20861
20862
20868
20879
20890
20896
20910
20914
20920
20925
20946
20947
20960
20973
20995
21009
21014
21015
21046
21052
21054
21068
21074
21076
21108
21121
21161
21180
21182
21184
21187
21194
21201
21206
21208
21211
21218
21225
21234
21244
21253
21255
21263
21266
21267
21304
21312
21316
21320
21333
21340
21345
21363
21383
21384
21386
21394
21397
21415
21428
21446
21469
21471
21476
21477
21482
21516
21518
21525
21536
21537
21544
21553
21578
21581
21585
21592
21593
21622
21623
21627
21639
21642
21650
21678
21682
21687
21688
21701
21711
21714
21721
21745
21749
21750
21763
21775
21780
21785
21799
21810
21847
21854
21855
21858
21859
21875
21880
21882
21899
21904
21914
21921
21931
21939
21951
21960
21972
21984
21987
21993
21995
22003
22008
22011
22024
22025
22032
22040
22042
22044
22059
22065
22067
22072
22074
22108
22119
22123
22147
22148
22167
22219
22221
22223
22225
22230
22234
22243
22244
22256
22260
22268
22275
22278
22292
22319
22320
22321
22339
22345
22367
22389
22393
22399
22416
22422
22424
22425
22450
22452
22485
22489
22492
22514
22515
22531
22532
22534
22537
22554
22559
22560
22566
22579
22580
22596
22605
22608
22611
22639
22645
22670
22682
22687
22696
22702
22713
22714
22717
22718
22733
22744
22756
22767
22770
22778
22825
22826
22832
22843
22854
22863
22876
22877
22881
22913
22919
22923
22924
22967
22968
22969
22986
23028
23044
23050
23058
23076
23082
23105
23130
23131
23140
23142
23149
23160
23186
23196
23205
23240
23241
23246
23253
23284
23296
23302
23310
23318
23336
23366
23368
23377
23382
23412
23418
23424
23440
23447
23452
23455
23460
23462
23466
23491
23508
23512
23527
23540
23541
23572
23586
23587
23599
23615
23656
23669
23676
23689
23695
23732
23744
23764
23768
23778
23792
23797
23825
23831
23840
23848
23857
23860
23885
23908
23909
23942
23946
23952
23960
23962
23985
23986
23996
24012
24019
24052
24054
24061
24068
24086
24100
24124
24135
24139
24157
24181
24233
24252
24262
24270
24274
24286
24291
24296
24324
24356
24359
24371
24381
24397
24449
24450
24454
24463
24469
24482
24502
24507
24516
24517
24524
24541
24575
24592
24621
24623
24634
24654
24670
24677
24711
24714
24716
24717
24769
24778
24783
24798
24811
24820
24828
24836
24844
24868
24891
24898
24905
24909
24921
24923
24926
24936
24937
24945
24975
24984
24985
24998
25001
25012
25017
25022
25035
25041
25047
25048
25063
25076
25092
25131
25140
25143
25157
25168
25169
25173
25185
25194
25210
25212
25215
25216
25221
25229
25230
25237
25251
25275
25277
25290
25294
25304
25306
25309
25334
25358
25363
25390
25396
25405
25416
25426
25438
25440
25448
25459
25485
25491
25501
25528
25529
25539
25540
25545
25548
25559
25561
25576
25578
25583
25588
25593
25594
25595
25598
25605
25606
25632
25636
25638
25646
25651
25652
25675
25689
25694
25701
25731
25732
25753
25759
25760
25762
25804
25806
25819
25831
25834
25850
25854
25863
25869
25888
25890
25891
25897
25899
25952
25959
25966
25976
25978
25982
26000
26007
26037
26039
26041
26042
26047
26055
26057
26062
26092
26094
26099
26134
26144
26151
26157
26167
26179
26180
26195
26208
26214
26215
26230
26231
26234
26238
26242
26286
26290
26300
26322
26351
26363
26368
26378
26381
26384
26388
26389
26390
26403
26414
26430
26434
26438
26458
26464
26465
26480
26483
26497
26504
26522
26525
26527
26530
26543
26561
26568
26569
26586
26587
26588
26606
26609
26610
26622
26625
26642
26660
26665
26671
26683
26693
26695
26708
26714
26716
26749
26750
26758
26760
26763
26767
26771
26812
26825
26831
26861
26864
26868
26869
26872
26895
26917
26925
26928
26930
26937
27000
27023
27043
27056
27059
27067
27124
27146
27151
27153
27162
27170
27176
27185
27191
27201
27222
27233
27239
27245
27259
27270
27287
27295
27310
27329
27333
27344
27354
27362
27370
27378
27382
27391
27400
27404
27415
27418
27421
27429
27437
27441
27452
27457
27473
27479
27485
27493
27495
27509
27517
27518
27550
27552
27554
27558
27579
27596
27621
27640
27653
27656
27670
27680
27691
27718
27721
27724
27728
27735
27736
27739
27742
27765
27773
27785
27790
27792
27806
27830
27834
27835
27838
27854
27856
27860
27890
27895
27896
27916
27919
27927
27936
27937
27941
27943
27973
27979
27983
27984
27992
28019
28025
28029
28031
28033
28034
28039
28043
28045
28058
28083
28085
28098
28105
28129
28141
28145
28164
28171
28174
28181
28186
28193
28198
28200
28213
28215
28228
28236
28262
28268
28269
28277
28281
28305
28330
28343
28357
28361
28363
28368
28371
28375
28377
28379
28383
28387
28393
28400
28418
28422
28431
28439
28449
28493
28494
28495
28508
28519
28525
28528
28536
28542
28548
28549
28551
28553
28583
28592
28596
28604
28618
28622
28648
28653
28671
28672
28674
28699
28707
28738
28758
28767
28773
28778
28783
28788
28793
28803
28805
28820
28827
28828
28834
28840
28852
28853
28884
28902
28905
28906
28913
28924
28935
28936
28947
28948
28950
28954
28972
28978
28979
28985
28990
28993
28995
29005
29009
29021
29027
29028
29037
29042
29048
29052
29056
29064
29066
29067
29071
29074
29081
29089
29094
29109
29118
29124
29129
29147
29150
29158
29162
29165
29190
29195
29198
29208
29211
29217
29229
29239
29242
29247
29263
29264
29270
29274
29292
29307
29314
29332
29340
29344
29362
29366
29376
29391
29398
29399
29402
29409
29420
29443
29448
29471
29480
29482
29485
29501
29508
29521
29522
29538
29548
29557
29564
29566
29568
29573
29585
29592
29631
29645
29666
29672
29678
29684
29686
29698
29700
29715
29735
29746
29751
29759
29763
29779
29782
29793
29795
29816
29827
29848
29855
29867
29886
29888
29892
29900
29902
29913
29916
29926
29957
29963
30012
30030
30066
30067
30073
30082
30088
30111
30114
30116
30131
30142
30143
30149
30150
30157
30166
30189
30201
30210
30211
30218
30236
30237
30247
30263
30275
30278
30279
30289
30306
30310
30311
30339
30341
30344
30346
30349
30358
30382
30383
30405
30410
30432
30443
30446
30473
30476
30491
30496
30519
30526
30532
30562
30589
30595
30602
30607
30620
30631
30635
30638
30655
30659
30664
30689
30690
30692
30694
30726
30735
30750
30770
30784
30789
30813
30822
30830
30839
30842
30844
30847
30872
30886
30887
30899
30907
30914
30920
30924
30933
30953
30969
30970
30978
31015
31021
31023
31037
31039
31040
31051
31065
31071
31081
31085
31101
31110
31116
31139
31141
31165
31166
31168
31169
31174
31176
31185
31198
31202
31206
31209
31213
31230
31234
31244
31245
31291
31320
31325
31328
31340
31342
31366
31378
31413
31416
31433
31446
31453
31459
31477
31485
31512
31515
31539
31541
31562
31580
31585
31587
31588
31599
31602
31623
31624
31628
31635
31638
31657
31660
31664
31675
31680
31698
31704
31709
31721
31722
31727
31733
31749
31750
31757
31759
31763
31794
31811
31823
31828
31837
31848
31855
31869
31890
31905
31946
31948
31972
31991
31999
32005
32019
32040
32041
32052
32056
32088
32099
32116
32117
32146
32160
32169
32185
32191
32198
32199
32211
32217
32218
32242
32248
32253
32278
32314
32321
32322
32326
32332
32345
32347
32352
32356
32366
32373
32375
32380
32396
32408
32415
32429
32450
32454
32455
32480
32499
32508
32509
32522
32526
32527
32551
32552
32575
32576
32596
32607
32613
32652
32681
32687
32689
32691
32707
32732
32738
32752
32757
32759
32763
32801
32823
32827
32831
32839
32851
32855
32885
32891
32911
32941
32956
32960
32966
32975
32981
32983
32984
32993
32997
33007
33020
33024
33032
33045
33066
33072
33074
33098
33103
33110
33115
33120
33135
33143
33152
33174
33186
33196
33208
33216
33220
33221
33247
33248
33252
33260
33270
33283
33286
33300
33308
33309
33311
33339
33341
33344
33366
33372
33377
33411
33416
33422
33427
33435
33447
33465
33470
33481
33490
33495
33497
33499
33505
33517
33521
33579
33582
33596
33606
33611
33613
33628
33635
33645
33653
33661
33677
33703
33705
33708
33713
33720
33767
33786
33789
33797
33824
33847
33857
33868
33893
33906
33922
33925
33926
33929
33931
33934
33944
33949
33959
33962
33976
33977
34004
34010
34016
34018
34036
34041
34043
34053
34059
34105
34106
34113
34114
34166
34168
34170
34183
34220
34226
34238
34241
34256
34264
34265
34274
34282
34284
34297
34298
34308
34315
34339
34343
34349
34353
34367
34374
34435
34443
34460
34470
34474
34483
34492
34504
34506
34530
34534
34545
34564
34586
34602
34616
34625
34630
34644
34652
34659
34666
34709
34719
34721
34725
34729
34747
34757
34777
34781
34792
34795
34833
34852
34877
34895
34901
34913
34924
34963
34966
34976
34979
34996
35002
35017
35027
35030
35043
35044
35047
35048
35060
35089
35101
35111
35117
35121
35122
35132
35133
35137
35141
35179
35184
35186
35199
35208
35225
35226
35233
35239
35242
35244
35249
35250
35254
35260
35262
35266
35271
35275
35277
35288
35295
35314
35334
35336
35357
35361
35362
35374
35383
35403
35413
35421
35433
35438
35442
35447
35461
35470
35486
35513
35536
35538
35546
35554
35557
35562
35566
35590
35591
35596
35618
35630
35632
35635
35647
35654
35665
35683
35698
35702
35704
35715
35716
35722
35727
35728
35730
35732
35736
35739
35745
35788
35809
35810
35815
35839
35844
35856
35857
35862
35886
35888
35890
35899
35901
35904
35905
35909
35912
35919
35940
35955
35985
35986
35990
35992
36001
36023
36026
36039
36045
36048
36059
36061
36082
36103
36127
36144
36148
36151
36166
36179
36182
36193
36197
36205
36227
36235
36236
36267
36291
36306
36311
36339
36341
36342
36348
36349
36354
36364
36366
36367
36374
36377
36384
36387
36389
36395
36411
36422
36423
36428
36436
36444
36445
36470
36497
36498
36518
36525
36530
36552
36567
36597
36626
36631
36639
36645
36666
36712
36720
36721
36731
36741
36744
36752
36779
36791
36798
36802
36805
36808
36809
36823
36828
36830
36837
36856
36862
36865
36884
36890
36900
36903
36905
36907
36922
36924
36925
36983
36993
36998
37028
37035
37038
37047
37062
37075
37102
37115
37135
37153
37156
37175
37177
37181
37184
37190
37219
37221
37223
37245
37248
37253
37257
37265
37270
37275
37276
37282
37285
37305
37309
37311
37312
37334
37341
37357
37361
37370
37374
37380
37400
37408
37414
37425
37439
37459
37466
37467
37485
37496
37505
37523
37555
37567
37591
37596
37602
37619
37643
37649
37660
37666
37671
37674
37683
37695
37705
37710
37750
37766
37773
37779
37781
37789
37808
37810
37823
37828
37837
37858
37866
37867
37872
37874
37876
37887
37893
37905
37910
37914
37918
37945
37947
37952
37959
37962
37963
37970
37976
37989
37993
38040
38054
38059
38065
38095
38102
38107
38110
38127
38138
38156
38161
38166
38171
38180
38201
38202
38216
38227
38230
38233
38242
38248
38260
38265
38271
38276
38294
38298
38315
38336
38348
38356
38367
38369
38370
38375
38401
38404
38412
38414
38426
38433
38440
38442
38457
38464
38485
38503
38505
38512
38518
38520
38536
38537
38543
38552
38562
38573
38585
38587
38588
38599
38652
38665
38692
38703
38704
38719
38721
38737
38751
38760
38761
38763
38786
38789
38791
38804
38819
38828
38830
38832
38834
38845
38851
38869
38880
38895
38909
38924
38930
38934
38936
38945
38949
38970
38975
38976
38978
38980
38985
38986
38996
39000
39009
39011
39020
39041
39046
39049
39055
39059
39068
39077
39087
39090
39093
39105
39110
39111
39123
39127
39137
39163
39183
39194
39197
39209
39216
39228
39234
39236
39240
39252
39253
39269
39274
39275
39291
39302
39305
39308
39316
39372
39381
39384
39392
39397
39400
39416
39417
39424
39431
39438
39442
39463
39465
39466
39485
39501
39505
39510
39514
39522
39542
39545
39547
39558
39573
39578
39597
39600
39604
39606
39626
39628
39629
39633
39653
39654
39663
39666
39667
39676
39713
39717
39762
39774
39786
39791
39801
39802
39806
39807
39819
39823
39827
39839
39858
39863
39874
39913
39914
39925
39940
39947
39961
39983
39990
40001
40031
40076
40077
40085
40089
40110
40123
40125
40134
40136
40143
40158
40161
40162
40173
40174
40179
40188
40229
40247
40261
40268
40270
40271
40276
40291
40292
40310
40325
40329
40332
40342
40361
40372
40387
40411
40431
40442
40448
40478
40508
40524
40527
40533
40538
40539
40546
40562
40567
40568
40570
40582
40591
40609
40616
40620
40622
40628
40638
40647
40650
40657
40659
40667
40668
40675
40684
40691
40704
40724
40731
40740
40743
40762
40776
40780
40795
40800
40808
40813
40820
40824
40827
40841
40875
40876
40877
40893
40894
40901
40905
40911
40933
40938
40945
40946
40955
40966
40991
40992
40996
40998
41003
41039
41076
41082
41085
41091
41101
41103
41106
41110
41113
41120
41121
41133
41136
41147
41149
41150
41156
41169
41175
41181
41190
41197
41205
41215
41233
41243
41244
41251
41269
41279
41286
41334
41339
41368
41397
41404
41411
41419
41423
41429
41432
41445
41461
41465
41480
41485
41493
41495
41499
41505
41516
41531
41556
41560
41564
41571
41576
41577
41626
41632
41635
41639
41641
41643
41668
41672
41682
41704
41705
41708
41710
41724
41732
41744
41754
41758
41769
41796
41799
41828
41830
41853
41855
41869
41875
41878
41881
41884
41890
41899
41910
41914
41928
41943
41944
41954
41970
41987
41993
42012
42015
42022
42027
42030
42031
42041
42047
42064
42074
42087
42097
42098
42106
42129
42137
42139
42168
42172
42173
42193
42195
42201
42210
42216
42223
42244
42258
42276
42278
42292
42299
42303
42326
42327
42338
42350
42363
42391
42393
42397
42404
42407
42420
42442
42443
42444
42450
42455
42458
42464
42476
42485
42490
42501
42511
42512
42518
42522
42526
42532
42546
42555
42557
42561
42564
42569
42576
42581
42590
42597
42607
42616
42619
42622
42631
42646
42656
42670
42701
42713
42718
42722
42724
42725
42732
42747
42751
42752
42778
42810
42811
42812
42820
42824
42840
42844
42851
42899
42909
42910
42953
42955
42965
42974
42981
42983
42985
42988
43011
43024
43047
43071
43073
43082
43095
43127
43128
43129
43139
43140
43152
43165
43168
43171
43176
43177
43182
43190
43198
43201
43202
43216
43221
43222
43225
43252
43256
43266
43271
43272
43275
43317
43323
43325
43341
43352
43353
43356
43359
43363
43393
43400
43414
43419
43423
43425
43436
43485
43502
43516
43529
43532
43536
43570
43601
43606
43615
43622
43665
43676
43685
43686
43713
43726
43732
43772
43775
43783
43790
43795
43837
43840
43845
43852
43868
43909
43918
43940
43947
43949
43973
43984
44008
44014
44029
44036
44044
44094
44095
44101
44113
44114
44115
44132
44152
44157
44169
44181
44182
44186
44195
44198
44228
44236
44267
44274
44306
44328
44334
44338
44340
44344
44364
44372
44377
44378
44396
44404
44408
44419
44423
44433
44435
44436
44445
44448
44485
44491
44505
44526
44549
44552
44556
44566
44570
44573
44581
44590
44596
44601
44606
44612
44625
44634
44637
44647
44657
44658
44662
44664
44669
44674
44675
44682
44698
44701
44718
44722
44727
44731
44738
44746
44747
44763
44767
44769
44775
44788
44790
44807
44813
44815
44816
44840
44842
44852
44861
44876
44909
44913
44917
44919
44926
44933
44935
44944
44949
44950
44953
44971
44982
44996
45000
45031
45051
45055
45061
45071
45088
45093
45095
45098
45107
45118
45128
45136
45140
45145
45147
45153
45155
45167
45178
45182
45194
45237
45254
45255
45278
45290
45302
45317
45319
45336
45345
45369
45395
45409
45417
45420
45428
45435
45442
45496
45497
45503
45507
45512
45514
45527
45549
45554
45561
45570
45587
45595
45618
45620
45633
45650
45658
45669
45693
45727
45730
45731
45738
45764
45770
45780
45781
45804
45808
45814
45830
45833
45838
45846
45854
45872
45879
45883
45903
45908
45911
45931
45936
45954
45958
45967
45968
45975
45989
45990
45995
45997
46004
46023
46025
46026
46029
46030
46031
46059
46061
46101
46117
46118
46121
46134
46142
46153
46167
46172
46179
46222
46228
46239
46240
46245
46258
46260
46261
46271
46276
46287
46306
46324
46339
46348
46378
46381
46386
46390
46398
46399
46407
46410
46420
46426
46443
46445
46461
46472
46475
46509
46510
46512
46520
46537
46545
46556
46557
46574
46605
46609
46622
46636
46637
46665
46694
46699
46719
46725
46743
46745
46785
46789
46801
46854
46860
46874
46879
46892
46907
46908
46913
46934
46944
46958
46975
46985
46994
47011
47019
47024
47026
47027
47036
47044
47056
47057
47059
47071
47079
47080
47090
47091
47092
47098
47101
47119
47122
47140
47146
47147
47163
47164
47166
47175
47193
47198
47206
47207
47212
47222
47236
47240
47247
47256
47265
47266
47267
47268
47272
47297
47304
47315
47319
47331
47346
47349
47357
47385
47389
47402
47420
47421
47429
47430
47454
47457
47458
47474
47484
47489
47495
47512
47513
47517
47524
47528
47530
47539
47543
47544
47554
47557
47564
47582
47593
47597
47617
47618
47619
47623
47625
47627
47631
47636
47640
47641
47659
47668
47670
47713
47730
47743
47752
47754
47759
47767
47771
47782
47808
47809
47814
47817
47819
47822
47826
47834
47839
47840
47842
47848
47850
47853
47872
47875
47876
47882
47893
47908
47913
47928
47938
47947
47948
47950
47971
47973
47975
47979
47985
47991
48012
48023
48028
48033
48039
48043
48061
48062
48064
48067
48079
48084
48114
48139
48141
48152
48166
48177
48178
48180
48190
48206
48247
48248
48253
48264
48276
48281
48312
48325
48334
48344
48346
48361
48373
48377
48379
48381
48393
48402
48411
48420
48422
48423
48426
48441
48447
48451
48452
48462
48467
48489
48492
48502
48503
48506
48515
48527
48532
48533
48547
48559
48562
48594
48625
48626
48663
48667
48688
48711
48718
48733
48737
48740
48741
48762
48773
48779
48783
48794
48836
48854
48858
48889
48905
48909
48913
48942
48955
48959
48962
48975
48976
48980
48989
49002
49029
49047
49056
49063
49080
49090
49091
49098
49113
49115
49118
49120
49128
49134
49139
49141
49146
49159
49165
49194
49208
49218
49242
49253
49254
49300
49302
49303
49314
49319
49327
49330
49341
49353
49364
49367
49378
49386
49405
49409
49416
49433
49434
49443
49446
49452
49486
49505
49524
49534
49539
49553
49563
49584
49587
49602
49619
49637
49644
49647
49650
49660
49689
49691
49692
49693
49737
49748
49751
49775
49790
49798
49802
49808
49855
49865
49874
49891
49898
49904
49911
49931
49958
49969
49981
49993
49996
50002
50007
50019
50033
50034
50042
50053
50071
50074
50083
50108
50114
50116
50117
50122
50124
50129
50133
50141
50151
50162
50167
50180
50194
50204
50209
50213
50231
50234
50237
50241
50246
50248
50255
50267
50272
50275
50278
50283
50286
50299
50311
50316
50350
50421
50427
50448
50470
50471
50476
50494
50497
50504
50506
50550
50568
50587
50588
50595
50605
50610
50617
50618
50628
50639
50641
50645
50653
50655
50659
50671
50674
50676
50692
50720
50727
50731
50739
50746
50749
50750
50756
50760
50798
50804
50815
50824
50834
50841
50846
50848
50857
50858
50859
50860
50876
50890
50896
50908
50916
50951
50954
50956
50957
50968
50969
50976
50981
50992
51023
51035
51050
51056
51060
51094
51136
51141
51160
51165
51166
51170
51173
51189
51193
51200
51216
51234
51243
51254
51275
51282
51287
51312
51339
51344
51354
51360
51368
51370
51372
51374
51385
51403
51428
51447
51466
51470
51484
51496
51507
51509
51523
51537
51549
51561
51566
51568
51572
51582
51584
51592
51595
51605
51606
51613
51614
51618
51626
51628
51630
51636
51652
51654
51671
51679
51680
51695
51696
51699
51739
51740
51763
51770
51774
51777
51789
51797
51815
51825
51831
51846
51862
51864
51872
51915
51919
51944
51969
51973
52006
52009
52010
52015
52023
52038
52050
52063
52071
52073
52087
52089
52094
52096
52115
52133
52136
52143
52153
52199
52202
52206
52212
52215
52221
52224
52260
52265
52291
52299
52314
52315
52339
52373
52383
52386
52390
52391
52405
52411
52426
52431
52462
52488
52489
52495
52499
52514
52521
52524
52536
52540
52553
52573
52577
52579
52593
52600
52621
52622
52651
52656
52670
52674
52676
52680
52708
52716
52724
52754
52760
52775
52783
52788
52789
52790
52802
52804
52814
52819
52823
52825
52844
52871
52891
52916
52929
52938
52946
52961
52965
52968
52990
53001
53003
53008
53011
53028
53032
53039
53044
53049
53061
53075
53103
53106
53113
53116
53128
53138
53146
53148
53152
53154
53157
53168
53170
53172
53182
53184
53195
53196
53200
53204
53212
53214
53229
53244
53248
53273
53274
53283
53284
53301
53304
53307
53312
53335
53339
53344
53368
53376
53382
53398
53399
53405
53411
53416
53432
53442
53443
53470
53481
53485
53490
53497
53510
53514
53519
53526
53531
53541
53545
53547
53561
53565
53570
53586
53596
53601
53602
53606
53621
53627
53631
53639
53649
53654
53659
53664
53668
53672
53708
53718
53719
53729
53743
53749
53750
53757
53763
53776
53780
53790
53810
53813
53840
53851
53859
53866
53877
53879
53880
53881
53893
53898
53904
53917
53927
53935
53948
53964
53968
53971
53980
53996
54002
54017
54034
54035
54040
54046
54053
54057
54064
54073
54098
54116
54124
54160
54167
54169
54172
54182
54192
54202
54208
54215
54236
54254
54270
54274
54277
54281
54311
54312
54314
54323
54355
54368
54371
54379
54387
54391
54393
54400
54428
54434
54440
54451
54454
54483
54492
54499
54503
54504
54513
54517
54534
54547
54548
54567
54568
54574
54585
54598
54637
54652
54657
54676
54695
54698
54702
54733
54743
54773
54785
54800
54802
54807
54808
54810
54813
54817
54818
54825
54836
54839
54843
54847
54865
54866
54871
54913
54926
54935
54942
54957
54959
54979
54983
54995
55004
55007
55024
55038
55071
55073
55074
55081
55097
55106
55113
55146
55150
55175
55177
55180
55189
55202
55208
55238
55253
55261
55270
55274
55283
55284
55308
55320
55331
55337
55366
55375
55377
55381
55382
55398
55403
55413
55415
55418
55421
55426
55446
55447
55453
55474
55485
55487
55493
55496
55507
55526
55538
55539
55540
55559
55561
55572
55611
55623
55624
55636
55669
55672
55684
55696
55703
55704
55714
55718
55720
55728
55760
55786
55802
55816
55833
55836
55855
55863
55870
55878
55879
55883
55891
55892
55900
55901
55905
55919
55921
55954
55971
56024
56038
56047
56054
56071
56072
56088
56089
56090
56105
56115
56120
56129
56138
56139
56150
56161
56162
56165
56191
56203
56206
56231
56236
56239
56242
56251
56264
56275
56280
56289
56291
56296
56297
56302
56308
56312
56315
56320
56324
56348
56356
56360
56370
56381
56382
56389
56394
56395
56396
56397
56416
56428
56440
56451
56459
56461
56470
56477
56478
56480
56486
56492
56495
56497
56502
56507
56524
56541
56542
56560
56569
56577
56588
56590
56596
56597
56598
56599
56616
56619
56677
56686
56687
56709
56742
56747
56753
56754
56770
56782
56786
56789
56790
56797
56817
56818
56825
56827
56839
56853
56862
56877
56878
56893
56897
56902
56906
56915
56939
56946
56955
56965
56979
56988
56999
57017
57020
57023
57027
57030
57034
57049
57056
57060
57062
57072
57074
57077
57092
57104
57113
57127
57141
57168
57179
57217
57235
57257
57266
57286
57297
57314
57318
57325
57336
57340
57360
57363
57366
57378
57392
57415
57423
57424
57446
57451
57454
57475
57479
57494
57500
57504
57513
57514
57518
57525
57533
57541
57544
57550
57554
57570
57580
57592
57597
57612
57626
57630
57635
57646
57650
57653
57654
57669
57685
57697
57702
57703
57714
57726
57729
57730
57738
57739
57744
57748
57750
57755
57758
57760
57761
57770
57771
57776
57777
57779
57782
57788
57808
57825
57839
57848
57858
57876
57882
57890
57912
57919
57924
57930
57936
57951
57955
57961
57966
57984
57986
57991
57998
58002
58007
58017
58023
58024
58048
58054
58055
58059
58066
58073
58092
58093
58107
58116
58117
58128
58156
58167
58174
58189
58192
58224
58253
58259
58261
58263
58271
58278
58289
58305
58316
58317
58320
58328
58339
58346
58349
58352
58354
58366
58389
58400
58401
58423
58440
58459
58466
58484
58487
58493
58504
58515
58520
58521
58553
58556
58557
58580
58581
58591
58595
58596
58600
58611
58615
58622
58625
58630
58644
58651
58652
58654
58664
58677
58683
58709
58715
58718
58734
58744
58746
58748
58749
58751
58756
58777
58778
58783
58805
58817
58820
58821
58826
58835
58839
58844
58846
58851
58852
58857
58865
58869
58871
58890
58891
58900
58907
58915
58930
58943
58951
58961
58968
58969
58974
58979
58985
58989
58996
58998
59012
59030
59038
59040
59047
59053
59063
59072
59073
59090
59091
59092
59119
59126
59143
59145
59157
59171
59195
59206
59214
59231
59241
59251
59252
59257
59259
59270
59292
59299
59313
59327
59330
59331
59353
59362
59365
59373
59379
59387
59394
59402
59417
59437
59442
59448
59451
59465
59489
59493
59495
59504
59516
59536
59554
59580
59592
59596
59610
59632
59634
59649
59652
59666
59701
59719
59744
59751
59752
59756
59758
59772
59780
59818
59840
59854
59874
59881
59905
59927
59944
59947
59964
59968
59992
60001
60008
60021
60024
60029
60042
60044
60049
60052
60055
60066
60076
60096
60100
60111
60116
60118
60119
60123
60141
60147
60156
60164
60166
60184
60212
60281
60287
60313
60321
60347
60349
60353
60356
60360
60375
60379
60384
60388
60391
60394
60402
60411
60426
60436
60438
60440
60444
60445
60470
60477
60482
60505
60515
60518
60529
60535
60541
60546
60555
60566
60574
60583
60588
60596
60606
60611
60619
60633
60661
60664
60667
60700
60723
60724
60725
60736
60745
60751
60761
60769
60786
60795
60804
60812
60815
60824
60825
60841
60855
60859
60861
60871
60899
60905
60916
60917
60928
60936
60940
60953
60960
60965
60971
60986
60987
60997
60998
61024
61043
61068
61079
61082
61089
61094
61103
61107
61113
61116
61126
61136
61179
61181
61189
61197
61202
61209
61212
61219
61244
61256
61257
61266
61273
61275
61276
61285
61293
61310
61315
61328
61333
61340
61342
61351
61357
61381
61386
61397
61422
61443
61452
61459
61461
61463
61502
61517
61523
61534
61538
61541
61547
61551
61557
61564
61578
61582
61584
61591
61598
61604
61608
61619
61628
61649
61654
61658
61669
61699
61704
61721
61766
61783
61795
61796
61811
61816
61878
61881
61895
61896
61897
61903
61914
61938
61940
61941
61957
61968
61969
61977
61980
61983
61986
61991
61992
61996
62003
62015
62030
62037
62042
62048
62051
62058
62059
62065
62068
62078
62084
62090
62097
62116
62132
62139
62162
62164
62165
62171
62186
62189
62221
62223
62263
62269
62278
62281
62315
62323
62330
62341
62387
62388
62390
62391
62399
62401
62432
62442
62454
62468
62471
62482
62502
62508
62513
62522
62545
62554
62587
62590
62618
62627
62644
62659
62665
62669
62685
62688
62704
62731
62752
62762
62763
62775
62782
62795
62799
62805
62841
62843
62846
62847
62857
62862
62871
62898
62907
62913
62916
62930
62931
62940
62941
62948
62951
62973
62978
62987
62990
62995
63010
63013
63018
63026
63032
63050
63058
63068
63069
63082
63095
63096
63107
63120
63127
63131
63136
63143
63146
63148
63152
63168
63173
63180
63198
63208
63224
63231
63232
63233
63243
63249
63250
63263
63271
63273
63281
63301
63307
63309
63311
63312
63314
63332
63353
63373
63404
63413
63416
63429
63430
63438
63461
63465
63479
63483
63487
63498
63505
63518
63521
63524
63534
63535
63564
63569
63578
63588
63605
63610
63614
63618
63623
63627
63646
63673
63678
63683
63685
63705
63710
63713
63723
63725
63732
63752
63761
63765
63795
63803
63809
63833
63836
63837
63840
63846
63847
63856
63864
63868
63897
63904
63908
63917
63919
63920
63925
63933
63935
63949
63953
63955
63974
63976
63979
63985
63991
63992
64002
64034
64037
64043
64045
64053
64054
64074
64081
64086
64089
64090
64102
64116
64118
64138
64146
64171
64176
64199
64211
64234
64239
64258
64287
64293
64312
64326
64329
64330
64335
64341
64342
64357
64360
64361
64364
64367
64379
64383
64385
64409
64412
64417
64442
64446
64457
64462
64474
64479
64487
64504
64525
64529
64546
64560
64562
64564
64583
64601
64602
64644
64652
64658
64659
64666
64680
64689
64711
64750
64765
64779
64797
64803
64808
64809
64812
64824
64839
64847
64850
64851
64869
64874
64875
64876
64882
64892
64901
64904
64909
64919
64922
64945
64952
64960
64964
64991
65013
65037
65047
65071
65072
65073
65086
65090
65091
65099
65135
65148
65152
65158
65181
65184
65189
65202
65214
65223
65228
65235
65264
65291
65296
65299
65318
65330
65335
65337
65342
65373
65381
65382
65388
65393
65400
65401
65413
65416
65424
65432
65465
65472
65480
65490
65493
65495
65511
65516
65541
65553
65559
65571
65582
65591
65593
65621
65622
65626
65628
65662
65666
65673
65686
65698
65699
65701
65707
65712
65725
65739
65745
65765
65770
65772
65779
65802
65803
65809
65816
65818
65822
65838
65875
65878
65883
65884
65892
65919
65920
65925
65935
65938
65940
65947
65950
65951
65952
66005
66018
66022
66025
66039
66044
66054
66056
66059
66080
66096
66098
66106
66107
66115
66122
66125
66130
66133
66137
66154
66158
66169
66176
66195
66210
66217
66218
66233
66239
66240
66250
66251
66255
66260
66280
66283
66331
66335
66346
66355
66362
66366
66374
66377
66384
66386
66405
66407
66411
66426
66444
66447
66448
66463
66476
66480
66497
66506
66509
66521
66522
66523
66528
66544
66545
66556
66561
66569
66573
66574
66586
66610
66611
66616
66617
66626
66641
66654
66663
66687
66691
66694
66698
66704
66708
66712
66733
66765
66769
66777
66781
66788
66803
66807
66818
66831
66835
66836
66837
66862
66863
66864
66874
66882
66885
66886
66896
66904
66909
66910
66914
66916
66917
66919
66930
66933
66947
66953
66956
66957
66981
67001
67002
67016
67021
67025
67029
67030
67032
67062
67069
67078
67081
67106
67111
67119
67126
67128
67141
67146
67155
67176
67180
67186
67189
67190
67197
67206
67221
67238
67242
67274
67284
67319
67324
67330
67331
67347
67353
67361
67369
67402
67406
67408
67410
67413
67418
67448
67451
67472
67482
67486
67490
67504
67505
67514
67515
67524
67568
67574
67578
67590
67597
67599
67606
67611
67619
67621
67637
67644
67650
67658
67660
67665
67668
67674
67677
67688
67694
67728
67745
67750
67757
67762
67763
67769
67773
67776
67780
67806
67811
67813
67819
67825
67862
67864
67865
67880
67893
67922
67925
67945
67955
67961
67981
68023
68024
68028
68031
68043
68045
68047
68064
68076
68104
68115
68140
68162
68166
68169
68176
68201
68206
68208
68214
68242
68253
68254
68260
68261
68269
68277
68278
68279
68280
68283
68287
68290
68332
68335
68350
68356
68373
68374
68377
68386
68396
68403
68439
68453
68459
68464
68467
68469
68471
68472
68477
68484
68504
68524
68526
68528
68535
68539
68548
68555
68559
68562
68613
68614
68623
68634
68653
68656
68658
68680
68694
68701
68702
68705
68707
68745
68748
68756
68776
68795
68802
68829
68831
68850
68855
68880
68889
68896
68903
68908
68909
68921
68926
68928
68930
68937
68963
68967
68971
68988
68990
68995
69000
69015
69019
69028
69031
69045
69052
69056
69058
69069
69104
69105
69132
69133
69143
69148
69153
69158
69160
69161
69169
69190
69200
69207
69214
69218
69234
69240
69261
69269
69278
69281
69288
69295
69304
69310
69317
69326
69343
69348
69356
69382
69395
69421
69427
69451
69454
69465
69466
69468
69479
69486
69488
69490
69511
69520
69529
69533
69546
69557
69564
69572
69579
69582
69587
69594
69614
69616
69625
69633
69643
69652
69666
69673
69675
69679
69680
69693
69707
69710
69714
69734
69746
69748
69753
69765
69772
69774
69791
69833
69834
69848
69857
69858
69860
69871
69887
69906
69908
69924
69930
69938
69947
69950
69987
70024
70050
70059
70068
70112
70116
70121
70126
70128
70156
70165
70168
70174
70183
70190
70193
70197
70201
70215
70219
70271
70287
70349
70372
70380
70393
70424
70426
70431
70433
70455
70457
70465
70501
70512
70517
70524
70526
70554
70562
70566
70570
70598
70599
70605
70609
70614
70636
70640
70645
70666
70674
70696
70706
70717
70756
70761
70767
70768
70782
70793
70800
70836
70843
70871
70899
70904
70907
70910
70934
70945
70955
70956
70959
70961
70966
70972
70998
71010
71028
71032
71033
71036
71037
71042
71048
71053
71056
71092
71095
71104
71112
71125
71148
71149
71151
71154
71169
71171
71175
71178
71184
71188
71190
71194
71202
71206
71225
71244
71250
71258
71282
71305
71308
71314
71331
71340
71347
71352
71367
71375
71380
71388
71389
71393
71413
71426
71435
71440
71448
71461
71466
71469
71472
71481
71484
71488
71491
71520
71539
71562
71587
71589
71615
71616
71619
71666
71671
71676
71678
71695
71696
71701
71704
71710
71718
71725
71730
71734
71742
71750
71754
71763
71785
71799
71801
71805
71807
71825
71846
71852
71859
71865
71871
71880
71892
71933
71975
71991
71992
72002
72009
72010
72019
72029
72032
72033
72041
72064
72071
72074
72092
72101
72104
72105
72138
72149
72174
72190
72191
72198
72203
72204
72211
72224
72227
72267
72269
72273
72286
72303
72310
72328
72330
72334
72355
72374
72407
72422
72427
72432
72468
72472
72491
72493
72498
72499
72506
72516
72525
72538
72539
72550
72581
72589
72606
72622
72639
72642
72651
72652
72688
72694
72696
72713
72716
72717
72724
72727
72729
72730
72734
72738
72739
72760
72764
72779
72809
72817
72842
72847
72876
72886
72896
72906
72918
72920
72933
72946
72951
72998
73000
73002
73008
73013
73019
73025
73064
73076
73082
73086
73091
73094
73095
73096
73128
73140
73145
73149
73154
73161
73162
73173
73174
73179
73193
73195
73202
73210
73233
73234
73237
73242
73248
73256
73265
73294
73330
73335
73338
73346
73350
73355
73363
73368
73379
73390
73402
73417
73425
73439
73440
73446
73461
73484
73486
73490
73504
73507
73510
73517
73526
73531
73538
73542
73546
73550
73554
73555
73559
73564
73568
73591
73597
73606
73653
73667
73670
73675
73691
73702
73714
73732
73745
73763
73775
73787
73790
73795
73800
73801
73802
73809
73834
73836
73848
73854
73857
73867
73877
73878
73903
73917
73930
73938
73944
73954
73957
73975
73990
74000
74015
74023
74042
74061
74068
74084
74086
74091
74094
74157
74164
74182
74187
74203
74209
74214
74225
74269
74281
74284
74296
74302
74308
74344
74347
74370
74379
74386
74397
74415
74422
74423
74427
74471
74508
74519
74526
74528
74535
74538
74548
74557
74569
74577
74583
74587
74600
74619
74622
74627
74632
74646
74647
74656
74663
74664
74674
74678
74686
74706
74757
74804
74824
74826
74841
74845
74862
74874
74907
74908
74910
74921
74933
74938
74947
74955
74971
74972
74987
74993
74995
74996
75005
75020
75022
75032
75036
75055
75077
75088
75096
75098
75099
75102
75103
75111
75114
75116
75124
75138
75145
75151
75173
75177
75189
75197
75201
75210
75213
75220
75233
75234
75250
75259
75273
75278
75279
75289
75294
75296
75322
75346
75355
75361
75372
75381
75402
75431
75460
75461
75463
75469
75472
75493
75499
75512
75527
75535
75539
75543
75555
75561
75563
75564
75569
75571
75577
75578
75581
75585
75600
75606
75611
75632
75649
75661
75668
75675
75692
75711
75724
75730
75733
75734
75737
75747
75758
75762
75765
75772
75783
75789
75795
75802
75803
75806
75810
75845
75851
75861
75874
75890
75897
75902
75912
75921
75924
75936
75941
75951
75961
75965
75966
75982
75984
75986
75988
76022
76025
76049
76051
76054
76059
76066
76069
76077
76080
76083
76087
76100
76116
76135
76137
76140
76145
76161
76166
76173
76180
76181
76183
76186
76197
76200
76202
76203
76206
76207
76214
76225
76237
76243
76255
76274
76275
76301
76312
76313
76326
76331
76352
76369
76374
76375
76379
76381
76403
76405
76407
76412
76441
76449
76475
76479
76489
76494
76495
76497
76501
76510
76511
76513
76529
76530
76550
76571
76579
76592
76593
76624
76637
76644
76652
76657
76702
76703
76728
76743
76760
76762
76765
76809
76834
76847
76862
76871
76877
76895
76926
76937
76951
76952
76956
76988
76991
76992
76999
77003
77009
77015
77037
77068
77072
77081
77082
77117
77118
77123
77141
77145
77178
77191
77198
77202
77214
77215
77224
77236
77241
77253
77261
77293
77338
77350
77361
77373
77375
77378
77383
77386
77399
77426
77432
77435
77437
77445
77457
77471
77473
77478
77480
77489
77491
77510
77521
77527
77530
77534
77543
77558
77577
77581
77589
77605
77608
77618
77619
77629
77634
77644
77647
77649
77655
77662
77672
77681
77700
77709
77728
77742
77745
77765
77769
77778
77798
77822
77833
77835
77837
77854
77877
77884
77887
77892
77904
77920
77938
77948
77954
77963
77973
77980
77988
77989
78002
78008
78030
78033
78047
78063
78092
78102
78104
78114
78129
78134
78135
78140
78145
78176
78177
78178
78202
78210
78222
78229
78245
78249
78252
78257
78260
78263
78273
78277
78283
78284
78285
78290
78293
78312
78320
78334
78341
78342
78350
78372
78373
78391
78395
78397
78400
78402
78403
78414
78428
78429
78431
78454
78455
78462
78469
78472
78484
78492
78508
78515
78517
78520
78539
78561
78576
78580
78588
78589
78591
78593
78599
78600
78602
78622
78632
78639
78651
78659
78662
78667
78685
78696
78697
78699
78703
78704
78709
78721
78726
78752
78761
78766
78768
78795
78802
78803
78812
78815
78834
78839
78843
78853
78858
78861
78866
78871
78883
78885
78886
78904
78913
78923
78931
78932
78938
78940
78948
78957
78961
78969
78975
78979
78997
79002
79005
79013
79016
79022
79035
79044
79050
79070
79079
79091
79095
79102
79103
79106
79108
79132
79135
79138
79151
79169
79182
79201
79208
79210
79212
79214
79216
79226
79236
79248
79251
79253
79265
79266
79275
79283
79288
79314
79318
79319
79320
79323
79324
79326
79331
79336
79341
79356
79368
79369
79398
79421
79423
79424
79446
79450
79474
79477
79479
79481
79488
79511
79512
79534
79541
79546
79559
79560
79570
79583
79594
79595
79609
79636
79664
79679
79688
79697
79699
79706
79710
79712
79713
79732
79739
79747
79763
79773
79811
79821
79822
79823
79827
79828
79833
79838
79846
79852
79867
79885
79886
79887
79888
79893
79899
79910
79919
79934
79939
79943
79956
79959
79961
79980
79982
79987
80016
80033
80044
80051
80060
80067
80079
80081
80099
80107
80137
80141
80151
80158
80164
80166
80173
80214
80218
80227
80235
80237
80242
80256
80257
80259
80261
80267
80268
80275
80286
80293
80297
80299
80300
80310
80312
80329
80330
80365
80367
80402
80407
80418
80433
80444
80455
80464
80498
80521
80524
80574
80580
80588
80598
80614
80640
80648
80652
80656
80660
80670
80671
80675
80680
80717
80735
80736
80737
80741
80751
80753
80760
80775
80788
80794
80795
80808
80809
80833
80854
80866
80876
80881
80884
80886
80889
80904
80910
80922
80927
80945
80957
80981
80988
80996
81012
81031
81039
81052
81056
81059
81063
81080
81086
81093
81095
81099
81100
81126
81129
81132
81133
81151
81159
81162
81195
81214
81217
81227
81242
81244
81259
81263
81278
81280
81291
81296
81303
81314
81321
81331
81339
81342
81355
81369
81372
81375
81392
81415
81443
81445
81446
81459
81460
81471
81472
81493
81514
81519
81533
81537
81539
81544
81548
81550
81556
81567
81582
81590
81621
81631
81670
81678
81690
81691
81696
81708
81717
81719
81725
81733
81764
81766
81784
81805
81809
81824
81826
81832
81835
81836
81848
81855
81859
81860
81873
81906
81907
81912
81927
81936
81940
81945
81953
81974
81981
81986
81998
82012
82016
82021
82031
82049
82067
82096
82119
82138
82156
82157
82207
82210
82238
82252
82255
82256
82268
82280
82295
82311
82325
82353
82367
82372
82374
82400
82402
82406
82428
82429
82432
82474
82483
82484
82493
82496
82498
82502
82509
82513
82525
82535
82538
82541
82548
82556
82562
82565
82587
82591
82609
82618
82625
82631
82644
82654
82660
82664
82675
82679
82685
82689
82705
82714
82719
82751
82759
82761
82792
82796
82811
82816
82819
82821
82822
82831
82835
82837
82839
82846
82853
82859
82878
82886
82890
82905
82906
82918
82931
82932
82934
82936
82943
82952
82964
82974
82977
82984
83007
83017
83022
83031
83032
83039
83062
83063
83076
83099
83104
83106
83125
83127
83152
83161
83168
83170
83190
83200
83208
83254
83260
83274
83275
83312
83324
83339
83364
83379
83386
83390
83404
83418
83434
83439
83453
83465
83468
83471
83491
83500
83513
83515
83524
83529
83540
83544
83545
83546
83569
83575
83577
83582
83584
83589
83600
83607
83628
83637
83646
83666
83673
83695
83696
83698
83727
83748
83753
83785
83790
83807
83810
83811
83813
83838
83853
83874
83886
83889
83905
83912
83929
83943
83970
83978
83982
83983
84000
84008
84026
84038
84051
84068
84073
84081
84082
84086
84120
84126
84129
84130
84151
84161
84163
84171
84173
84187
84191
84216
84220
84222
84231
84248
84253
84259
84280
84291
84297
84299
84320
84326
84329
84341
84343
84351
84361
84381
84392
84410
84412
84430
84445
84448
84457
84465
84472
84491
84499
84511
84519
84529
84532
84546
84549
84551
84554
84582
84592
84599
84606
84612
84622
84637
84645
84652
84666
84677
84689
84720
84732
84739
84742
84744
84749
84761
84766
84835
84849
84854
84887
84893
84895
84910
84915
84930
84934
84939
84940
84945
84947
84950
84957
84965
84966
84967
84995
85026
85029
85046
85087
85089
85104
85122
85125
85130
85131
85133
85153
85155
85169
85170
85176
85184
85206
85207
85211
85216
85227
85230
85231
85244
85252
85264
85265
85292
85320
85322
85348
85350
85358
85361
85368
85375
85378
85382
85390
85398
85404
85408
85423
85429
85434
85435
85442
85454
85466
85476
85479
85483
85484
85486
85491
85510
85521
85528
85547
85551
85561
85574
85575
85582
85602
85614
85634
85636
85639
85640
85641
85648
85650
85662
85690
85707
85719
85725
85728
85761
85776
85779
85785
85786
85789
85813
85815
85834
85837
85838
85840
85846
85853
85858
85898
85903
85927
85935
85949
85956
85962
85963
85967
85974
85985
85995
86002
86007
86009
86017
86019
86021
86043
86050
86054
86055
86057
86060
86075
86082
86095
86128
86129
86131
86152
86157
86159
86174
86190
86199
86211
86214
86216
86221
86228
86241
86243
86281
86300
86314
86330
86336
86341
86356
86369
86370
86374
86380
86392
86395
86396
86399
86404
86414
86417
86424
86435
86457
86464
86470
86492
86499
86500
86501
86508
86522
86527
86534
86542
86553
86556
86564
86606
86610
86619
86628
86629
86642
86646
86648
86654
86670
86694
86713
86718
86738
86765
86780
86787
86791
86794
86795
86797
86799
86802
86810
86823
86833
86853
86871
86883
86885
86887
86909
86917
86919
86930
86943
86952
86953
86954
86957
86965
86989
86993
87005
87012
87020
87038
87041
87058
87063
87065
87072
87085
87094
87106
87128
87129
87143
87161
87177
87185
87191
87193
87197
87221
87241
87254
87278
87287
87298
87305
87314
87316
87357
87365
87396
87398
87400
87423
87426
87437
87438
87444
87464
87485
87528
87535
87554
87559
87570
87608
87618
87666
87669
87689
87725
87734
87745
87750
87757
87770
87809
87815
87819
87827
87832
87836
87843
87845
87849
87867
87877
87882
87886
87896
87907
87908
87909
87922
87928
87952
87953
87960
87978
87982
87985
87989
88001
88012
88015
88023
88031
88057
88065
88078
88086
88088
88096
88101
88104
88118
88121
88144
88146
88147
88149
88152
88162
88164
88169
88179
88183
88189
88218
88219
88227
88228
88247
88252
88263
88282
88285
88292
88297
88319
88322
88347
88373
88383
88387
88393
88411
88412
88421
88424
88429
88431
88445
88446
88447
88448
88462
88517
88520
88523
88527
88532
88543
88545
88548
88551
88573
88574
88589
88613
88614
88627
88645
88653
88655
88664
88667
88681
88689
88720
88729
88730
88733
88737
88739
88778
88782
88783
88794
88807
88813
88814
88815
88837
88843
88844
88851
88852
88857
88861
88863
88882
88888
88892
88908
88916
88932
88934
88935
88979
88983
88985
88988
89015
89016
89026
89035
89055
89067
89068
89080
89113
89123
89138
89156
89169
89178
89181
89192
89203
89206
89210
89239
89255
89259
89276
89288
89289
89307
89308
89337
89344
89349
89358
89359
89360
89367
89369
89389
89440
89444
89445
89459
89461
89468
89481
89525
89540
89548
89551
89569
89571
89572
89574
89606
89609
89623
89628
89629
89637
89639
89645
89647
89649
89654
89664
89667
89669
89674
89678
89683
89688
89693
89704
89715
89718
89727
89749
89771
89793
89841
89843
89865
89870
89879
89885
89892
89895
89940
89947
89995
90008
90010
90021
90023
90029
90037
90038
90039
90040
90041
90060
90067
90073
90099
90112
90118
90126
90131
90146
90160
90165
90193
90209
90232
90235
90275
90279
90290
90291
90296
90320
90334
90353
90381
90417
90419
90437
90448
90451
90453
90463
90516
90529
90537
90545
90546
90549
90552
90567
90569
90577
90592
90594
90608
90611
90615
90624
90637
90656
90663
90682
90699
90713
90720
90730
90736
90738
90748
90769
90777
90789
90808
90810
90814
90828
90837
90840
90843
90858
90862
90864
90894
90910
90912
90915
90925
90930
90951
90957
90973
90985
90989
90998
91006
91007
91013
91016
91020
91022
91040
91070
91073
91074
91090
91104
91113
91115
91151
91152
91158
91174
91177
91188
91196
91199
91212
91220
91225
91226
91231
91237
91251
91266
91269
91273
91274
91278
91301
91307
91315
91322
91328
91350
91376
91384
91406
91428
91436
91446
91455
91457
91460
91475
91479
91483
91484
91496
91510
91530
91533
91541
91554
91565
91569
91570
91584
91595
91600
91612
91618
91640
91643
91646
91649
91656
91667
91682
91684
91686
91696
91701
91730
91734
91748
91787
91797
91804
91810
91817
91827
91862
91864
91874
91911
91924
91938
91947
91951
91952
91968
91986
91997
92002
92003
92004
92028
92052
92082
92087
92107
92110
92111
92112
92152
92162
92166
92167
92196
92203
92213
92220
92227
92236
92249
92255
92270
92280
92293
92306
92310
92317
92318
92319
92326
92346
92360
92370
92374
92378
92390
92396
92404
92445
92469
92472
92473
92476
92478
92487
92494
92499
92506
92518
92529
92537
92578
92593
92628
92633
92645
92658
92665
92680
92684
92687
92696
92703
92713
92719
92720
92728
92731
92739
92749
92750
92751
92755
92757
92759
92762
92768
92775
92831
92839
92845
92860
92892
92901
92904
92916
92936
92937
92947
92949
92963
92969
92978
92987
92989
93006
93020
93027
93037
93048
93053
93057
93093
93104
93110
93117
93127
93142
93146
93167
93185
93188
93197
93208
93224
93232
93252
93254
93259
93263
93290
93316
93321
93322
93324
93331
93346
93349
93351
93364
93369
93376
93379
93403
93437
93451
93462
93463
93464
93469
93515
93583
93584
93588
93592
93604
93625
93631
93633
93647
93658
93665
93670
93673
93676
93701
93709
93710
93727
93737
93749
93754
93825
93831
93860
93863
93877
93893
93919
93937
93944
93945
93957
93966
93973
93982
94001
94024
94028
94049
94053
94083
94091
94100
94113
94116
94118
94123
94124
94125
94169
94196
94220
94226
94238
94244
94245
94247
94263
94267
94276
94286
94287
94311
94327
94334
94337
94345
94348
94352
94355
94372
94394
94404
94421
94429
94446
94451
94457
94461
94470
94477
94497
94502
94522
94560
94573
94579
94582
94595
94618
94634
94639
94640
94658
94668
94688
94700
94708
94776
94784
94801
94805
94807
94812
94816
94819
94825
94840
94842
94848
94880
94898
94914
94931
94932
94936
94941
94961
94968
94982
95002
95003
95007
95023
95029
95032
95052
95074
95116
95130
95140
95143
95179
95215
95226
95229
95251
95266
95273
95279
95285
95299
95319
95362
95367
95398
95403
95409
95413
95427
95428
95434
95436
95462
95480
95481
95493
95497
95499
95513
95545
95552
95555
95560
95562
95563
95567
95577
95581
95585
95599
95600
95607
95612
95615
95643
95651
95656
95658
95669
95679
95688
95691
95704
95732
95746
95795
95796
95799
95805
95831
95846
95851
95857
95860
95881
95885
95892
95903
95907
95934
95937
95946
95955
95957
95961
95971
95977
95982
95989
96003
96016
96018
96019
96034
96043
96069
96087
96093
96096
96098
96110
96112
96114
96129
96141
96145
96160
96170
96181
96182
96183
96184
96188
96195
96219
96230
96248
96259
96265
96269
96270
96274
96281
96296
96312
96316
96332
96340
96343
96352
96354
96356
96362
96382
96384
96396
96397
96436
96439
96478
96491
96499
96507
96510
96515
96547
96551
96566
96568
96573
96576
96580
96585
96601
96602
96611
96618
96625
96645
96648
96655
96658
96675
96680
96686
96713
96715
96717
96719
96721
96722
96730
96733
96739
96748
96752
96778
96796
96835
96871
96880
96884
96888
96898
96924
96943
96960
96962
96965
96969
96983
96992
96999
97011
97025
97035
97056
97058
97070
97075
97079
97084
97097
97117
97127
97128
97135
97139
97160
97178
97191
97201
97204
97210
97224
97230
97235
97265
97273
97281
97287
97291
97295
97298
97300
97312
97318
97322
97331
97332
97342
97346
97362
97380
97387
97393
97406
97446
97452
97455
97456
97466
97472
97474
97475
97480
97486
97506
97515
97521
97568
97570
97582
97585
97631
97673
97692
97718
97729
97737
97744
97754
97757
97770
97793
97797
97809
97818
97824
97839
97840
97845
97851
97868
97905
97911
97928
97941
97955
97960
97963
97968
97969
97974
97986
97989
97995
97997
97998
98003
98005
98012
98023
98033
98061
98074
98099
98106
98116
98118
98127
98131
98140
98142
98152
98154
98160
98168
98177
98183
98196
98214
98225
98231
98236
98241
98242
98244
98249
98260
98277
98282
98332
98353
98362
98370
98385
98396
98400
98401
98404
98427
98433
98441
98443
98446
98450
98456
98477
98479
98482
98492
98520
98526
98527
98532
98545
98567
98592
98596
98597
98598
98601
98603
98610
98611
98632
98639
98645
98652
98661
98681
98687
98692
98697
98719
98722
98750
98758
98782
98790
98800
98802
98811
98815
98823
98825
98828
98838
98846
98856
98863
98867
98869
98870
98875
98903
98910
98916
98931
98964
98972
98974
98979
98983
98985
99003
99006
99017
99019
99033
99034
99041
99074
99091
99110
99122
99134
99141
99144
99146
99155
99157
99166
99168
99174
99205
99208
99209
99219
99223
99238
99248
99258
99261
99264
99265
99268
99269
99273
99285
99301
99309
99319
99325
99330
99331
99345
99346
99362
99373
99381
99382
99384
99389
99393
99400
99402
99408
99428
99436
99462
99464
99465
99467
99470
99471
99473
99475
99478
99483
99494
99503
99516
99525
99527
99530
99542
99549
99558
99561
99572
99575
99591
99597
99605
99614
99620
99626
99638
99646
99666
99695
99700
99715
99728
99748
99753
99757
99762
99780
99783
99785
99786
99815
99818
99853
99855
99856
99861
99877
99882
99890
99894
99909
99945
99950
